Number xind yind east north data err wgt Elos Nlos Ulos
********************************************************
   1  164  665 84.13625 27.053750 -59.589916 11.61300  15823 0.73900 -0.12437 0.66212
   2  154  854 84.12792 27.211250 -55.686646 13.80844  51031 0.74118 -0.12437 0.65968
   3  460  854 84.38292 27.211250 -61.604847 14.72912  69973 0.72619 -0.12334 0.67634
   4  462  620 84.38458 27.016250 -77.843903 10.94900  33610 0.72382 -0.12330 0.67888
   5  766  610 84.63792 27.007917 -90.096169 11.71693  48227 0.70771 -0.12202 0.69589
   6  766  854 84.63792 27.211250 -68.440308 13.93545  71697 0.71026 -0.12208 0.69328
   7 1072  853 84.89292 27.210417 -80.857094 15.04294  68800 0.69334 -0.12058 0.71045
   8 1072  610 84.89292 27.007917 -106.295746 11.63228  56396 0.69060 -0.12045 0.71314
   9  154 1098 84.12792 27.414583 -8.000747 36.74241  36560 0.74340 -0.12433 0.65719
  10  169 1342 84.14042 27.617917 89.500572 30.08517  27385 0.74482 -0.12423 0.65560
  11  460 1342 84.38292 27.617917 65.257919 32.02298  67333 0.73086 -0.12333 0.67129
  12  460 1098 84.38292 27.414583 -31.803253 36.67282  65993 0.72866 -0.12335 0.67368
  13  205 1566 84.17042 27.804583 116.971893 13.08522  23213 0.74539 -0.12411 0.65497
  14  248 1798 84.20625 27.997917 110.633148 10.29176  12224 0.74545 -0.12393 0.65494
  15  460 1830 84.38292 28.024583 72.527359 21.52374  73308 0.73554 -0.12329 0.66617
  16  460 1586 84.38292 27.821250 96.096924 18.89716  72347 0.73361 -0.12337 0.66827
  17  766 1586 84.63792 27.821250 6.513027 35.83155  73557 0.71803 -0.12225 0.68519
  18  766 1830 84.63792 28.024583 28.823528 28.28704  73394 0.72061 -0.12230 0.68247
  19  939 1724 84.78208 27.936250 104.970642 27.96997   1203 0.71045 -0.12158 0.69317
  20  939 1754 84.78208 27.961250 190.883453 33.51031   1164 0.71056 -0.12155 0.69305
  21  977 1754 84.81375 27.961250 272.923584 28.32776   1135 0.70865 -0.12141 0.69503
  22  977 1724 84.81375 27.936250 175.290833 42.51424   1177 0.70838 -0.12142 0.69531
  23  958 1800 84.79792 27.999583 301.696930 63.08643   4615 0.70990 -0.12147 0.69375
  24 1034 1800 84.86125 27.999583 371.815857 18.93299   4559 0.70589 -0.12115 0.69789
  25 1034 1739 84.86125 27.948750 346.636078 52.95263   4625 0.70560 -0.12119 0.69817
  26  958 1861 84.79792 28.050417 292.750793 38.44140   4548 0.71071 -0.12150 0.69291
  27  958 1921 84.79792 28.100417 184.450867 37.12546   4503 0.71157 -0.12156 0.69201
  28 1034 1921 84.86125 28.100417 143.372437 52.95785   4279 0.70760 -0.12126 0.69613
  29 1034 1861 84.86125 28.050417 269.400299 66.64326   4475 0.70687 -0.12122 0.69688
  30 1092 1846 84.90958 28.037917 177.461426 40.96055   1157 0.70336 -0.12092 0.70048
  31 1092 1876 84.90958 28.062917 76.226982 53.23776   1064 0.70389 -0.12096 0.69994
  32 1130 1876 84.94125 28.062917 -8.136568 28.40253   1084 0.70206 -0.12083 0.70179
  33 1130 1846 84.94125 28.037917 84.704010 39.25324   1110 0.70144 -0.12077 0.70242
  34 1111 1921 84.92542 28.100417 14.287837 57.31379   4423 0.70397 -0.12098 0.69985
  35 1187 1920 84.98875 28.099583 -178.598846 83.05545   3342 0.69962 -0.12061 0.70426
  36 1168 1845 84.97292 28.037083 -1.306076 56.01971    847 0.69913 -0.12056 0.70476
  37 1168 1876 84.97292 28.062917 -80.224335 43.63042    844 0.69971 -0.12060 0.70418
  38 1206 1876 85.00458 28.062917 -221.918839 90.75195    685 0.69787 -0.12047 0.70602
  39 1206 1846 85.00458 28.037917 -73.805313 77.43787    794 0.69733 -0.12043 0.70656
  40 1111 1739 84.92542 27.948750 404.719910 22.37979   4443 0.70126 -0.12082 0.70260
  41 1111 1800 84.92542 27.999583 299.295593 68.86997   4311 0.70176 -0.12081 0.70210
  42 1168 1785 84.97292 27.987083 241.712921 47.66366    942 0.69887 -0.12060 0.70501
  43 1168 1815 84.97292 28.012083 129.129059 57.86752    779 0.69922 -0.12061 0.70465
  44 1206 1815 85.00458 28.012083 81.518364 52.01453    739 0.69715 -0.12045 0.70673
  45 1206 1785 85.00458 27.987083 205.931213 54.31667   1040 0.69697 -0.12045 0.70691
  46 1188 1739 84.98958 27.948750 425.814697 34.64157   3597 0.69696 -0.12045 0.70692
  47  996 1525 84.82958 27.770417 -10.487092 17.46803  18485 0.70507 -0.12124 0.69870
  48  958 1617 84.79792 27.847083 -20.310501 13.03156   4649 0.70843 -0.12148 0.69525
  49  958 1678 84.79792 27.897917 38.443085 44.75549   4690 0.70907 -0.12150 0.69459
  50 1015 1663 84.84542 27.885417 113.728638 43.87965   1175 0.70562 -0.12122 0.69814
  51 1015 1693 84.84542 27.910417 193.261612 33.95579   1139 0.70596 -0.12123 0.69780
  52 1053 1693 84.87708 27.910417 281.699036 42.87941   1136 0.70381 -0.12105 0.70000
  53 1053 1663 84.87708 27.885417 187.659561 39.69753   1163 0.70338 -0.12102 0.70043
  54 1034 1617 84.86125 27.847083 28.043320 45.53570   4564 0.70411 -0.12112 0.69969
  55 1092 1602 84.90958 27.834583 114.698753 39.61462   1188 0.70078 -0.12084 0.70307
  56 1092 1632 84.90958 27.859583 178.802475 36.37679   1130 0.70134 -0.12090 0.70250
  57 1130 1632 84.94125 27.859583 277.816406 40.75607   1041 0.69920 -0.12072 0.70466
  58 1130 1602 84.94125 27.834583 222.588974 46.29096   1089 0.69867 -0.12065 0.70520
  59 1111 1678 84.92542 27.897917 342.319214 48.94200   4260 0.70060 -0.12080 0.70326
  60 1187 1678 84.98875 27.897917 452.320831 33.72033   3906 0.69641 -0.12043 0.70747
  61 1168 1602 84.97292 27.834583 343.027405 47.35695   1109 0.69676 -0.12051 0.70711
  62 1168 1632 84.97292 27.859583 382.536377 35.90544   1084 0.69709 -0.12053 0.70678
  63 1206 1632 85.00458 27.859583 479.933899 35.14661   1036 0.69467 -0.12029 0.70920
  64 1206 1602 85.00458 27.834583 465.360352 51.71512   1094 0.69437 -0.12028 0.70950
  65 1111 1495 84.92542 27.745417 46.890114 39.42852   4508 0.69860 -0.12071 0.70526
  66 1111 1556 84.92542 27.796250 136.763397 67.95988   4416 0.69899 -0.12069 0.70487
  67 1168 1541 84.97292 27.783750 277.227203 37.84753   1105 0.69587 -0.12045 0.70799
  68 1168 1571 84.97292 27.808750 313.469025 43.61334   1025 0.69599 -0.12042 0.70788
  69 1206 1571 85.00458 27.808750 456.089966 53.59647   1035 0.69383 -0.12024 0.71003
  70 1206 1541 85.00458 27.783750 390.864044 60.93460   1143 0.69368 -0.12026 0.71018
  71 1168 1480 84.97292 27.732917 71.602386 29.04082   1152 0.69568 -0.12051 0.70817
  72 1168 1510 84.97292 27.757917 184.462250 64.26453   1121 0.69557 -0.12045 0.70829
  73 1206 1510 85.00458 27.757917 280.778381 51.45659   1116 0.69333 -0.12022 0.71052
  74 1206 1480 85.00458 27.732917 158.030273 32.22693   1154 0.69342 -0.12031 0.71041
  75  766 1098 84.63792 27.414583 -68.123230 19.86551  68056 0.71295 -0.12214 0.69049
  76  766 1342 84.63792 27.617917 -1.698231 26.76261  68406 0.71529 -0.12218 0.68806
  77 1072 1342 84.89292 27.617917 -25.440729 23.98471  72517 0.69908 -0.12085 0.70476
  78 1072 1098 84.89292 27.414583 -69.320686 19.59396  71359 0.69626 -0.12073 0.70757
  79 1379 1098 85.14875 27.414583 -45.775974 19.64839  73513 0.67866 -0.11906 0.72474
  80 1302 1281 85.08458 27.567083 -14.701724 21.35528  18523 0.68587 -0.11973 0.71781
  81 1264 1373 85.05292 27.643750 22.703690 21.28344   4655 0.68917 -0.11999 0.71459
  82 1264 1434 85.05292 27.694583 144.684052 51.86069   4596 0.68941 -0.11994 0.71437
  83 1341 1434 85.11708 27.694583 231.064117 68.73880   4624 0.68555 -0.11963 0.71812
  84 1341 1373 85.11708 27.643750 83.220528 48.63543   4688 0.68455 -0.11954 0.71910
  85 1418 1373 85.18125 27.643750 153.280746 17.75072   4636 0.68018 -0.11913 0.72331
  86 1399 1419 85.16542 27.682083 224.784332 52.76923   1186 0.68191 -0.11929 0.72164
  87 1399 1449 85.16542 27.707083 385.245789 48.62286   1138 0.68167 -0.11920 0.72189
  88 1437 1449 85.19708 27.707083 452.877899 41.23442   1093 0.67950 -0.11899 0.72396
  89 1437 1419 85.19708 27.682083 282.615723 64.21370   1154 0.67949 -0.11903 0.72396
  90 1475 1419 85.22875 27.682083 408.794128 62.12695   1161 0.67697 -0.11877 0.72636
  91 1475 1449 85.22875 27.707083 519.386719 55.74671   1128 0.67732 -0.11878 0.72604
  92 1513 1449 85.26042 27.707083 586.155273 55.78218   1133 0.67497 -0.11856 0.72826
  93 1513 1419 85.26042 27.682083 457.016907 33.80458   1171 0.67460 -0.11854 0.72860
  94 1494 1373 85.24458 27.643750 162.917908 52.43311   4545 0.67566 -0.11869 0.72760
  95 1456 1281 85.21292 27.567083 25.960499 48.81694  18481 0.67650 -0.11879 0.72680
  96 1571 1251 85.30875 27.542083 37.008644 24.03527   4622 0.66949 -0.11814 0.73336
  97 1571 1312 85.30875 27.592917 139.994263 49.72401   4642 0.66984 -0.11812 0.73305
  98 1647 1312 85.37208 27.592917 189.744431 61.82682   4363 0.66522 -0.11764 0.73732
  99 1647 1251 85.37208 27.542083 84.236549 26.69682   4602 0.66468 -0.11763 0.73781
 100 1552 1358 85.29292 27.631250 208.419556 41.80870   1189 0.67145 -0.11824 0.73156
 101 1552 1388 85.29292 27.656250 364.413330 55.23408   1166 0.67182 -0.11826 0.73122
 102 1590 1388 85.32458 27.656250 390.156555 40.00868   1140 0.66952 -0.11803 0.73335
 103 1590 1358 85.32458 27.631250 278.657104 45.28950   1177 0.66918 -0.11802 0.73367
 104 1552 1419 85.29292 27.682083 482.538422 55.14642   1206 0.67221 -0.11830 0.73085
 105 1552 1449 85.29292 27.707083 630.865723 74.11089   1170 0.67258 -0.11831 0.73051
 106 1590 1449 85.32458 27.707083 661.293762 29.48993   1140 0.67025 -0.11808 0.73268
 107 1590 1419 85.32458 27.682083 539.834961 46.40141   1178 0.66988 -0.11805 0.73303
 108 1628 1419 85.35625 27.682083 581.149719 68.10193   1166 0.66753 -0.11782 0.73520
 109 1628 1449 85.35625 27.707083 733.377808 62.54552   1134 0.66793 -0.11784 0.73484
 110 1666 1449 85.38792 27.707083 812.036987 57.64408   1136 0.66557 -0.11760 0.73701
 111 1666 1419 85.38792 27.682083 639.334473 57.33329   1175 0.66519 -0.11758 0.73735
 112 1628 1358 85.35625 27.631250 332.516144 45.78813   1178 0.66682 -0.11778 0.73586
 113 1628 1388 85.35625 27.656250 445.385559 33.96289   1139 0.66716 -0.11780 0.73554
 114 1666 1388 85.38792 27.656250 502.705444 52.48542   1138 0.66481 -0.11755 0.73770
 115 1666 1358 85.38792 27.631250 369.923279 52.53171   1159 0.66448 -0.11753 0.73801
 116 1705 1358 85.42042 27.631250 399.676483 50.99979   1171 0.66210 -0.11729 0.74018
 117 1705 1388 85.42042 27.656250 539.714966 56.30685   1167 0.66241 -0.11730 0.73990
 118 1743 1388 85.45208 27.656250 574.225952 74.82133   1112 0.65997 -0.11704 0.74212
 119 1743 1358 85.45208 27.631250 419.296417 54.11525   1148 0.65986 -0.11707 0.74221
 120 1705 1419 85.42042 27.682083 724.751038 65.91589   1190 0.66274 -0.11732 0.73960
 121 1705 1449 85.42042 27.707083 864.120850 43.59578   1157 0.66314 -0.11735 0.73924
 122 1743 1449 85.45208 27.707083 900.566528 44.12298   1125 0.66085 -0.11712 0.74133
 123 1743 1419 85.45208 27.682083 776.365479 54.66435   1131 0.66035 -0.11708 0.74178
 124 1781 1419 85.48375 27.682083 803.509766 49.80255   1149 0.65798 -0.11681 0.74392
 125 1781 1449 85.48375 27.707083 919.647461 38.57530   1126 0.65846 -0.11686 0.74349
 126 1819 1449 85.51542 27.707083 970.182251 23.94949   1087 0.65620 -0.11664 0.74552
 127 1819 1419 85.51542 27.682083 833.368286 47.47413   1153 0.65582 -0.11661 0.74585
 128 1781 1358 85.48375 27.631250 449.074768 50.93391   1148 0.65730 -0.11678 0.74453
 129 1781 1388 85.48375 27.656250 623.712402 84.68659   1123 0.65758 -0.11678 0.74428
 130 1819 1388 85.51542 27.656250 668.248169 74.16943   1118 0.65518 -0.11654 0.74643
 131 1819 1358 85.51542 27.631250 511.039093 53.67793   1160 0.65479 -0.11651 0.74678
 132 1724 1251 85.43625 27.542083 94.956184 32.86162   4445 0.66032 -0.11721 0.74178
 133 1705 1297 85.42042 27.580417 162.356491 49.69410   1181 0.66163 -0.11729 0.74060
 134 1705 1327 85.42042 27.605417 271.757782 44.07355   1164 0.66185 -0.11729 0.74041
 135 1743 1327 85.45208 27.605417 291.511658 41.48060   1123 0.65943 -0.11703 0.74260
 136 1743 1297 85.45208 27.580417 185.771149 38.51544   1167 0.65918 -0.11703 0.74282
 137 1781 1297 85.48375 27.580417 206.025208 36.63081   1161 0.65658 -0.11673 0.74517
 138 1781 1327 85.48375 27.605417 324.644348 35.52979   1120 0.65696 -0.11675 0.74483
 139 1819 1327 85.51542 27.605417 371.806305 50.14350   1116 0.65451 -0.11650 0.74703
 140 1819 1297 85.51542 27.580417 257.153564 32.02277   1165 0.65401 -0.11645 0.74747
 141 1800 1251 85.49958 27.542083 130.530289 54.25798   4436 0.65480 -0.11656 0.74676
 142 1685 1098 85.40375 27.414583 -13.956195 24.92604  68959 0.65962 -0.11709 0.74242
 143 1245 1480 85.03708 27.732917 269.148865 48.74017   1194 0.69101 -0.12007 0.71280
 144 1245 1510 85.03708 27.757917 374.145294 49.86813   1112 0.69102 -0.12002 0.71280
 145 1283 1510 85.06875 27.757917 476.063690 50.82500   1093 0.68888 -0.11983 0.71491
 146 1283 1480 85.06875 27.732917 340.273376 46.96478   1140 0.68867 -0.11985 0.71511
 147 1264 1556 85.05292 27.796250 578.190918 69.81161   4500 0.69044 -0.11995 0.71337
 148 1341 1556 85.11708 27.796250 700.711182 33.93973   4522 0.68655 -0.11962 0.71718
 149 1322 1480 85.10125 27.732917 421.092194 45.01155   1189 0.68650 -0.11965 0.71722
 150 1322 1510 85.10125 27.757917 531.120667 36.06305   1149 0.68685 -0.11967 0.71688
 151 1360 1509 85.13292 27.757083 634.522278 51.56789   1090 0.68453 -0.11943 0.71914
 152 1360 1480 85.13292 27.732917 470.515625 68.94069   1162 0.68413 -0.11941 0.71952
 153 1264 1617 85.05292 27.847083 608.716675 61.84842   4242 0.69107 -0.11995 0.71276
 154 1263 1678 85.05208 27.897917 516.098938 27.89046   4324 0.69202 -0.12003 0.71183
 155 1341 1678 85.11708 27.897917 591.288696 69.25193   4429 0.68750 -0.11961 0.71627
 156 1341 1616 85.11708 27.846250 731.111511 19.58838   4285 0.68680 -0.11959 0.71694
 157 1418 1617 85.18125 27.847083 720.381409 30.79992   4402 0.68233 -0.11915 0.72127
 158 1418 1678 85.18125 27.897917 577.936890 60.87094   4085 0.68282 -0.11917 0.72080
 159 1494 1678 85.24458 27.897917 516.770813 66.11769   4051 0.67844 -0.11876 0.72499
 160 1494 1617 85.24458 27.847083 685.300720 61.39479   4410 0.67810 -0.11877 0.72531
 161 1399 1480 85.16542 27.732917 536.396729 55.27849   1192 0.68185 -0.11920 0.72171
 162 1399 1510 85.16542 27.757917 679.085999 51.01866   1129 0.68239 -0.11925 0.72120
 163 1437 1510 85.19708 27.757917 737.095825 44.76854   1101 0.68018 -0.11903 0.72331
 164 1437 1480 85.19708 27.732917 605.517822 44.44006   1162 0.67974 -0.11900 0.72373
 165 1418 1556 85.18125 27.796250 759.184448 26.86117   4526 0.68181 -0.11916 0.72176
 166 1494 1556 85.24458 27.796250 832.014160 61.51632   4525 0.67748 -0.11877 0.72589
 167 1475 1480 85.22875 27.732917 647.975952 27.11884   1141 0.67765 -0.11881 0.72573
 168 1476 1510 85.22958 27.757917 781.654419 56.86210   1083 0.67797 -0.11882 0.72542
 169 1513 1510 85.26042 27.757917 838.283447 48.39877    988 0.67583 -0.11863 0.72745
 170 1513 1480 85.26042 27.732917 691.824829 39.07269   1103 0.67545 -0.11859 0.72780
 171 1245 1724 85.03708 27.936250 439.490479 15.44557   1019 0.69399 -0.12022 0.70987
 172 1245 1754 85.03708 27.961250 327.910645 50.38391    850 0.69431 -0.12024 0.70956
 173 1283 1754 85.06875 27.961250 316.369446 40.10985    967 0.69209 -0.12003 0.71176
 174 1283 1724 85.06875 27.936250 455.438782 19.81555   1086 0.69158 -0.11997 0.71227
 175 1245 1785 85.03708 27.987083 180.577957 59.28176   1101 0.69482 -0.12028 0.70906
 176 1245 1815 85.03708 28.012083 -41.175171 78.41472    846 0.69507 -0.12028 0.70881
 177 1283 1815 85.06875 28.012083 -31.884939 59.27589   1077 0.69297 -0.12008 0.71090
 178 1283 1785 85.06875 27.987083 145.848511 61.59138   1069 0.69269 -0.12008 0.71117
 179 1322 1785 85.10125 27.987083 135.760239 71.81990   1099 0.69013 -0.11982 0.71369
 180 1322 1815 85.10125 28.012083 -75.666412 97.09302    866 0.69037 -0.11981 0.71347
 181 1360 1815 85.13292 28.012083 -192.498611 88.27608    920 0.68849 -0.11968 0.71530
 182 1360 1785 85.13292 27.987083 122.612404 74.88013    901 0.68771 -0.11958 0.71607
 183 1322 1724 85.10125 27.936250 471.608551 37.33696   1106 0.68906 -0.11974 0.71475
 184 1322 1754 85.10125 27.961250 308.550659 71.49724   1006 0.68960 -0.11978 0.71421
 185 1360 1754 85.13292 27.961250 295.916504 64.40736   1034 0.68740 -0.11958 0.71636
 186 1360 1724 85.13292 27.936250 462.178009 60.87243   1003 0.68687 -0.11953 0.71689
 187 1245 1846 85.03708 28.037917 -141.548798 41.71681    761 0.69522 -0.12025 0.70867
 188 1245 1876 85.03708 28.062917 -278.017578 52.21972    877 0.69607 -0.12034 0.70782
 189 1283 1876 85.06875 28.062917 -351.555573 45.85995    939 0.69411 -0.12020 0.70977
 190 1282 1846 85.06792 28.037917 -210.097763 60.48314    981 0.69362 -0.12014 0.71026
 191 1264 1921 85.05292 28.100417 -432.379639 67.98067   3195 0.69555 -0.12028 0.70834
 192 1341 1921 85.11708 28.100417 -523.413452 37.75052   4031 0.69191 -0.12001 0.71194
 193 1322 1846 85.10125 28.037917 -284.850006 58.79648    991 0.69096 -0.11988 0.71288
 194 1322 1876 85.10125 28.062917 -423.976379 45.31366   1100 0.69182 -0.11998 0.71203
 195 1360 1876 85.13292 28.062917 -501.305847 38.50777   1026 0.68980 -0.11981 0.71402
 196 1360 1846 85.13292 28.037917 -352.371521 65.49878   1108 0.68960 -0.11982 0.71421
 197 1456 1892 85.21292 28.076250 -584.944275 60.83176  15511 0.68330 -0.11911 0.72036
 198 1399 1724 85.16542 27.936250 455.716797 55.78494   1042 0.68452 -0.11931 0.71917
 199 1399 1754 85.16542 27.961250 293.444733 70.16449   1063 0.68490 -0.11933 0.71880
 200 1437 1754 85.19708 27.961250 260.609283 62.41272   1049 0.68297 -0.11916 0.72066
 201 1437 1724 85.19708 27.936250 411.054260 41.02813   1092 0.68248 -0.11912 0.72114
 202 1399 1785 85.16542 27.987083 72.101234 94.04201   1041 0.68535 -0.11936 0.71837
 203 1399 1815 85.16542 28.012083 -165.151947 75.62524   1097 0.68590 -0.11941 0.71783
 204 1438 1815 85.19792 28.012083 -231.432556 106.98013    819 0.68368 -0.11921 0.71998
 205 1437 1785 85.19708 27.987083 6.413301 113.69158    968 0.68331 -0.11917 0.72034
 206 1475 1785 85.22875 27.987083 -7.823720 95.65421   1060 0.68109 -0.11896 0.72247
 207 1475 1815 85.22875 28.012083 -296.192444 69.54892   1054 0.68207 -0.11909 0.72152
 208 1513 1815 85.26042 28.012083 -241.503876 83.53146   1066 0.67930 -0.11880 0.72418
 209 1513 1785 85.26042 27.987083 -34.696320 64.46994   1083 0.67884 -0.11876 0.72461
 210 1475 1724 85.22875 27.936250 358.992065 54.85601   1138 0.68030 -0.11893 0.72322
 211 1475 1754 85.22875 27.961250 208.878265 55.46120   1062 0.68088 -0.11899 0.72266
 212 1513 1754 85.26042 27.961250 155.418167 56.28392   1103 0.67857 -0.11876 0.72487
 213 1513 1724 85.26042 27.936250 309.369843 52.77029   1116 0.67784 -0.11866 0.72557
 214 1552 1724 85.29292 27.936250 263.050171 52.91843   1144 0.67569 -0.11848 0.72760
 215 1552 1754 85.29292 27.961250 116.289169 69.40730   1143 0.67626 -0.11854 0.72706
 216 1590 1754 85.32458 27.961250 73.284897 57.74521   1096 0.67391 -0.11830 0.72929
 217 1590 1724 85.32458 27.936250 224.015167 61.44949   1103 0.67343 -0.11826 0.72973
 218 1552 1785 85.29292 27.987083 -88.375656 65.27652   1174 0.67700 -0.11862 0.72636
 219 1552 1815 85.29292 28.012083 -291.756195 77.95143   1122 0.67716 -0.11860 0.72621
 220 1590 1815 85.32458 28.012083 -341.343018 67.46406   1102 0.67536 -0.11847 0.72791
 221 1590 1785 85.32458 27.987083 -145.761429 76.52438   1154 0.67509 -0.11845 0.72816
 222 1628 1785 85.35625 27.987083 -166.502289 76.13418   1143 0.67236 -0.11816 0.73073
 223 1628 1815 85.35625 28.012083 -409.542114 86.29855   1104 0.67344 -0.11830 0.72971
 224 1666 1815 85.38792 28.012083 -460.500977 53.58532   1108 0.67095 -0.11804 0.73204
 225 1666 1785 85.38792 27.987083 -255.053360 61.83300   1134 0.67029 -0.11797 0.73266
 226 1628 1724 85.35625 27.936250 168.842743 63.94868   1060 0.67127 -0.11805 0.73175
 227 1628 1754 85.35625 27.961250 8.353329 62.13248   1099 0.67192 -0.11811 0.73114
 228 1666 1754 85.38792 27.961250 -56.441486 75.18298   1081 0.66932 -0.11785 0.73356
 229 1666 1724 85.38792 27.936250 117.592728 66.12386   1134 0.66873 -0.11779 0.73411
 230 1552 1846 85.29292 28.037917 -492.293457 65.17550   1108 0.67791 -0.11870 0.72550
 231 1552 1876 85.29292 28.062917 -606.511963 36.44325   1112 0.67891 -0.11883 0.72454
 232 1590 1876 85.32458 28.062917 -636.350342 34.91730   1074 0.67628 -0.11854 0.72705
 233 1589 1845 85.32375 28.037083 -515.083923 58.48664   1060 0.67552 -0.11845 0.72776
 234 1571 1921 85.30875 28.100417 -688.225098 29.43840   3759 0.67752 -0.11860 0.72588
 235 1647 1920 85.37208 28.099583 -720.928833 20.48817   3920 0.67380 -0.11831 0.72938
 236 1647 1861 85.37208 28.050417 -623.417908 59.96395   4149 0.67318 -0.11829 0.72995
 237 1762 1891 85.46792 28.075417 -653.552307 49.85250  15001 0.66678 -0.11765 0.73591
 238 1705 1724 85.42042 27.936250 38.453667 77.59050   1172 0.66674 -0.11760 0.73595
 239 1705 1754 85.42042 27.961250 -126.239182 63.97379   1102 0.66701 -0.11760 0.73571
 240 1743 1754 85.45208 27.961250 -203.579529 47.80051   1067 0.66539 -0.11751 0.73719
 241 1743 1724 85.45208 27.936250 -31.505243 87.28033   1083 0.66447 -0.11739 0.73804
 242 1705 1785 85.42042 27.987083 -323.876617 61.90919   1182 0.66802 -0.11775 0.73477
 243 1705 1815 85.42042 28.012083 -500.278137 63.39167   1112 0.66838 -0.11778 0.73444
 244 1743 1815 85.45208 28.012083 -506.868225 49.04315   1060 0.66579 -0.11749 0.73684
 245 1743 1785 85.45208 27.987083 -348.670898 68.49065   1046 0.66519 -0.11743 0.73738
 246 1781 1785 85.48375 27.987083 -395.459381 54.12213   1079 0.66368 -0.11732 0.73876
 247 1781 1815 85.48375 28.012083 -527.740906 58.84249    933 0.66394 -0.11735 0.73852
 248 1819 1815 85.51542 28.012083 -468.917572 30.38950    985 0.66134 -0.11706 0.74090
 249 1819 1784 85.51542 27.986250 -360.085327 41.39914    924 0.66061 -0.11697 0.74156
 250 1781 1724 85.48375 27.936250 -92.604752 60.44651   1114 0.66246 -0.11720 0.73987
 251 1781 1754 85.48375 27.961250 -236.980988 55.43701   1120 0.66316 -0.11728 0.73923
 252 1819 1754 85.51542 27.961250 -252.834320 37.18007   1074 0.66040 -0.11697 0.74175
 253 1819 1724 85.51542 27.936250 -158.879944 62.41423   1033 0.65959 -0.11688 0.74248
 254 1552 1480 85.29292 27.732917 761.891113 40.35494   1189 0.67295 -0.11833 0.73016
 255 1552 1510 85.29292 27.757917 887.014221 25.39201   1127 0.67331 -0.11837 0.72983
 256 1590 1510 85.32458 27.757917 919.880493 23.39922   1134 0.67100 -0.11811 0.73199
 257 1590 1480 85.32458 27.732917 825.886169 47.91102   1178 0.67064 -0.11809 0.73232
 258 1571 1556 85.30875 27.796250 880.917542 57.85895   4551 0.67291 -0.11831 0.73020
 259 1628 1541 85.35625 27.783750 947.228516 22.47368   1156 0.66912 -0.11794 0.73374
 260 1628 1571 85.35625 27.808750 826.486145 31.82446   1092 0.66996 -0.11803 0.73296
 261 1666 1571 85.38792 27.808750 839.217896 48.47903   1113 0.66782 -0.11783 0.73494
 262 1666 1541 85.38792 27.783750 948.993347 30.46909   1109 0.66723 -0.11777 0.73548
 263 1647 1495 85.37208 27.745417 952.667725 49.03808   4620 0.66737 -0.11777 0.73535
 264 1571 1617 85.30875 27.847083 679.074402 45.71951   4541 0.67318 -0.11827 0.72996
 265 1552 1663 85.29292 27.885417 502.079041 66.87447   1159 0.67495 -0.11844 0.72830
 266 1552 1693 85.29292 27.910417 411.577515 26.56518   1045 0.67513 -0.11842 0.72813
 267 1590 1693 85.32458 27.910417 356.499664 40.95363   1061 0.67291 -0.11821 0.73022
 268 1590 1663 85.32458 27.885417 472.665741 67.45071   1109 0.67295 -0.11827 0.73017
 269 1628 1663 85.35625 27.885417 446.399200 81.02364   1130 0.67068 -0.11803 0.73229
 270 1628 1693 85.35625 27.910417 307.114044 43.81966   1102 0.67082 -0.11801 0.73217
 271 1666 1693 85.38792 27.910417 258.476685 38.21907   1084 0.66859 -0.11780 0.73424
 272 1666 1663 85.38792 27.885417 413.606384 71.16124   1133 0.66837 -0.11779 0.73444
 273 1628 1602 85.35625 27.834583 721.614990 48.45872   1084 0.66998 -0.11799 0.73295
 274 1628 1632 85.35625 27.859583 620.542480 28.74646   1114 0.66988 -0.11792 0.73304
 275 1666 1632 85.38792 27.859583 602.965881 42.29760   1083 0.66758 -0.11771 0.73518
 276 1666 1602 85.38792 27.834583 723.458435 47.18827   1141 0.66770 -0.11776 0.73506
 277 1705 1602 85.42042 27.834583 735.591370 55.89078   1172 0.66517 -0.11751 0.73739
 278 1705 1632 85.42042 27.859583 587.714172 66.20402   1109 0.66552 -0.11753 0.73707
 279 1743 1632 85.45208 27.859583 560.529480 69.01982   1097 0.66336 -0.11732 0.73905
 280 1743 1602 85.45208 27.834583 733.535034 64.05477   1145 0.66307 -0.11731 0.73931
 281 1705 1663 85.42042 27.885417 388.235687 70.86676   1100 0.66602 -0.11756 0.73661
 282 1705 1692 85.42042 27.909583 223.442856 51.25339   1131 0.66611 -0.11755 0.73653
 283 1743 1693 85.45208 27.910417 162.729553 79.77008   1086 0.66390 -0.11733 0.73856
 284 1743 1663 85.45208 27.885417 338.722565 71.25151   1166 0.66394 -0.11738 0.73852
 285 1781 1663 85.48375 27.885417 272.480194 76.97510   1098 0.66146 -0.11711 0.74078
 286 1781 1693 85.48375 27.910417 64.912735 56.10757   1106 0.66202 -0.11717 0.74028
 287 1819 1693 85.51542 27.910417 -12.113294 47.37333   1115 0.65929 -0.11686 0.74275
 288 1819 1663 85.51542 27.885417 188.907013 100.34880   1135 0.65860 -0.11678 0.74337
 289 1781 1602 85.48375 27.834583 724.688538 90.00239   1109 0.66036 -0.11699 0.74178
 290 1781 1632 85.48375 27.859583 530.371521 87.44403   1068 0.66082 -0.11703 0.74137
 291 1819 1632 85.51542 27.859583 423.182800 88.39213   1054 0.65823 -0.11675 0.74371
 292 1819 1602 85.51542 27.834583 664.823730 88.22968   1120 0.65821 -0.11678 0.74372
 293 1762 1525 85.46792 27.770417 996.901855 60.29931  18376 0.66099 -0.11712 0.74120
 294 1877 1495 85.56375 27.745417 1073.614136 17.43922   4653 0.65249 -0.11617 0.74884
 295 1858 1541 85.54792 27.783750 1001.752380 53.67040   1147 0.65432 -0.11636 0.74721
 296 1858 1571 85.54792 27.808750 837.399841 78.84767   1099 0.65492 -0.11641 0.74668
 297 1896 1571 85.57958 27.808750 768.094727 96.16074   1027 0.65220 -0.11610 0.74910
 298 1896 1541 85.57958 27.783750 962.430420 63.85849   1088 0.65181 -0.11607 0.74945
 299 1934 1541 85.61125 27.783750 884.669250 89.54089   1079 0.64961 -0.11586 0.75138
 300 1934 1571 85.61125 27.808750 661.541260 77.26335    994 0.65008 -0.11589 0.75097
 301 1972 1571 85.64292 27.808750 600.561035 84.92128   1084 0.64763 -0.11564 0.75313
 302 1972 1541 85.64292 27.783750 815.342529 66.51404   1107 0.64695 -0.11556 0.75372
 303 1953 1495 85.62708 27.745417 1075.872070 67.31181   4450 0.64748 -0.11561 0.75327
 304 1858 1602 85.54792 27.834583 596.511108 100.08376   1156 0.65533 -0.11645 0.74631
 305 1858 1632 85.54792 27.859583 303.170471 102.08057   1054 0.65555 -0.11645 0.74612
 306 1896 1632 85.57958 27.859583 244.229813 97.87910   1013 0.65320 -0.11621 0.74821
 307 1896 1603 85.57958 27.835417 481.500183 96.51194   1015 0.65264 -0.11615 0.74871
 308 1858 1663 85.54792 27.885417 36.263538 106.94679   1104 0.65607 -0.11650 0.74566
 309 1858 1693 85.54792 27.910417 -120.392357 58.29861   1003 0.65634 -0.11651 0.74542
 310 1896 1693 85.57958 27.910417 -226.478210 58.09706    918 0.65461 -0.11637 0.74696
 311 1896 1663 85.57958 27.885417 -8.104832 82.62299   1095 0.65392 -0.11630 0.74757
 312 1934 1663 85.61125 27.885417 -42.923042 65.18129   1079 0.65105 -0.11595 0.75013
 313 1934 1693 85.61125 27.910417 -213.428177 44.75208   1067 0.65177 -0.11605 0.74948
 314 1972 1692 85.64292 27.909583 -202.998657 42.48830    864 0.64914 -0.11574 0.75181
 315 1972 1663 85.64292 27.885417 -68.725845 77.52058   1064 0.64886 -0.11573 0.75206
 316 1934 1602 85.61125 27.834583 418.822266 94.01192   1080 0.65067 -0.11597 0.75045
 317 1934 1632 85.61125 27.859583 186.267380 92.59341   1061 0.65075 -0.11593 0.75039
 318 1972 1632 85.64292 27.859583 104.848251 58.66885    979 0.64881 -0.11575 0.75210
 319 1972 1602 85.64292 27.834583 361.228516 111.05296   1099 0.64824 -0.11571 0.75259
 320 2011 1602 85.67542 27.834583 323.002991 87.59451   1110 0.64536 -0.11537 0.75511
 321 2011 1632 85.67542 27.859583 107.488434 87.21480   1087 0.64628 -0.11549 0.75431
 322 2049 1632 85.70708 27.859583 167.636642 51.56520   1093 0.64360 -0.11518 0.75664
 323 2049 1602 85.70708 27.834583 305.747864 57.66238   1122 0.64327 -0.11517 0.75693
 324 2011 1663 85.67542 27.885417 -54.283794 50.54130   1178 0.64669 -0.11551 0.75396
 325 2011 1693 85.67542 27.910417 -158.381577 47.03254   1041 0.64699 -0.11554 0.75370
 326 2049 1693 85.70708 27.910417 -81.460068 45.66163    989 0.64530 -0.11540 0.75516
 327 2049 1663 85.70708 27.885417 29.562145 48.85508   1118 0.64452 -0.11530 0.75584
 328 2087 1663 85.73875 27.885417 152.470947 53.42717    997 0.64131 -0.11491 0.75863
 329 2087 1693 85.73875 27.910417 74.191254 64.22334    977 0.64216 -0.11500 0.75790
 330 2125 1692 85.77042 27.909583 242.112640 62.27178    900 0.63886 -0.11458 0.76074
 331 2125 1663 85.77042 27.885417 291.070251 29.22864    857 0.63854 -0.11457 0.76101
 332 2106 1617 85.75458 27.847083 283.265411 30.16827   4046 0.63925 -0.11468 0.76040
 333 2011 1480 85.67542 27.732917 969.555237 46.74504   1152 0.64344 -0.11518 0.75678
 334 2011 1510 85.67542 27.757917 887.516785 53.09931   1132 0.64382 -0.11521 0.75645
 335 2049 1510 85.70708 27.757917 755.996277 69.28804   1103 0.64158 -0.11498 0.75839
 336 2049 1480 85.70708 27.732917 844.535461 43.84545   1143 0.64122 -0.11496 0.75870
 337 2011 1541 85.67542 27.783750 719.130249 64.12825   1191 0.64429 -0.11525 0.75604
 338 2011 1571 85.67542 27.808750 551.309143 72.56227   1105 0.64486 -0.11532 0.75555
 339 2049 1571 85.70708 27.808750 483.348236 77.55342   1102 0.64251 -0.11506 0.75759
 340 2049 1541 85.70708 27.783750 614.599365 40.00103   1153 0.64218 -0.11504 0.75788
 341 2087 1541 85.73875 27.783750 513.613403 37.13290   1158 0.63933 -0.11470 0.76033
 342 2087 1571 85.73875 27.808750 405.551453 58.45413   1098 0.63988 -0.11474 0.75986
 343 2125 1571 85.77042 27.808750 290.823792 37.85269   1059 0.63699 -0.11439 0.76234
 344 2125 1541 85.77042 27.783750 383.370239 51.78787   1110 0.63676 -0.11441 0.76253
 345 2087 1480 85.73875 27.732917 742.734314 50.44621   1149 0.63887 -0.11469 0.76072
 346 2087 1510 85.73875 27.757917 626.622803 59.29133   1123 0.63909 -0.11470 0.76053
 347 2125 1510 85.77042 27.757917 502.438385 67.37714   1056 0.63620 -0.11433 0.76301
 348 2125 1480 85.77042 27.732917 614.135864 80.03070   1122 0.63587 -0.11432 0.76328
 349 1877 1739 85.56375 27.948750 -285.870514 61.70590   3621 0.65621 -0.11651 0.74553
 350 1877 1800 85.56375 27.999583 -400.614075 50.52688   3782 0.65764 -0.11669 0.74424
 351 1953 1799 85.62708 27.998750 -338.302704 68.18681   3559 0.65214 -0.11604 0.74917
 352 1953 1739 85.62708 27.948750 -292.479309 35.37193   3965 0.65134 -0.11599 0.74987
 353 1877 1861 85.56375 28.050417 -511.018921 46.91037   3713 0.65887 -0.11682 0.74313
 354 1877 1921 85.56375 28.100417 -559.419434 30.62505   3346 0.66003 -0.11694 0.74208
 355 1953 1921 85.62708 28.100417 -496.768494 21.46222   3630 0.65544 -0.11647 0.74621
 356 1953 1861 85.62708 28.050417 -419.859680 36.97909   3971 0.65350 -0.11621 0.74795
 357 2030 1861 85.69125 28.050417 -347.120514 52.45131   4184 0.64915 -0.11578 0.75180
 358 2030 1921 85.69125 28.100417 -467.024048 35.68634   3669 0.65006 -0.11587 0.75100
 359 2106 1920 85.75458 28.099583 -413.613281 38.26614   3563 0.64493 -0.11530 0.75549
 360 2087 1846 85.73875 28.037917 -269.702820 44.11814   1050 0.64492 -0.11530 0.75550
 361 2087 1876 85.73875 28.062917 -349.193481 26.34454    956 0.64517 -0.11532 0.75528
 362 2125 1876 85.77042 28.062917 -313.294952 61.70592    988 0.64277 -0.11506 0.75737
 363 2125 1846 85.77042 28.037917 -193.715424 26.47846   1024 0.64174 -0.11491 0.75826
 364 2030 1739 85.69125 27.948750 -203.102905 64.35640   4223 0.64669 -0.11550 0.75396
 365 2030 1800 85.69125 27.999583 -223.462250 41.96956   3956 0.64751 -0.11556 0.75324
 366 2087 1785 85.73875 27.987083 -135.884720 34.11607   1059 0.64419 -0.11525 0.75613
 367 2087 1815 85.73875 28.012083 -174.549667 29.98001   1079 0.64434 -0.11525 0.75600
 368 2125 1817 85.77042 28.013750 -95.409218 39.09984   1032 0.64127 -0.11485 0.75867
 369 2125 1784 85.77042 27.986250 -6.503197 46.16281    985 0.64102 -0.11487 0.75888
 370 2087 1724 85.73875 27.936250 -7.913109 76.48090   1082 0.64274 -0.11507 0.75740
 371 2087 1754 85.73875 27.961250 -75.809097 50.84666   1024 0.64365 -0.11520 0.75660
 372 2124 1753 85.76958 27.960417 48.902756 66.58847    873 0.64083 -0.11486 0.75904
 373 2124 1724 85.76958 27.936250 154.860825 52.84157    899 0.63953 -0.11467 0.76017
 374 2183 1739 85.81875 27.948750 222.735443 68.67683   4080 0.63630 -0.11433 0.76292
 375 2164 1785 85.80292 27.987083 83.682426 32.48318   1007 0.63796 -0.11449 0.76151
 376 2164 1815 85.80292 28.012083 -47.519779 64.41376   1041 0.63892 -0.11462 0.76069
 377 2202 1815 85.83458 28.012083 -52.269066 44.32476   1035 0.63628 -0.11432 0.76294
 378 2202 1785 85.83458 27.987083 27.207489 45.92385   1075 0.63598 -0.11429 0.76319
 379 2259 1800 85.88208 27.999583 -50.124363 62.05101   3833 0.63315 -0.11402 0.76558
 380 2240 1724 85.86625 27.936250 216.446701 39.59360   1107 0.63252 -0.11393 0.76612
 381 2240 1754 85.86625 27.961250 110.372116 25.38307   1093 0.63344 -0.11404 0.76534
 382 2278 1754 85.89792 27.961250 48.999710 38.28864   1107 0.63037 -0.11367 0.76793
 383 2278 1724 85.89792 27.936250 145.590088 56.62654   1071 0.62982 -0.11360 0.76839
 384 2164 1846 85.80292 28.037917 -172.958374 30.53699   1052 0.63956 -0.11470 0.76014
 385 2164 1876 85.80292 28.062917 -266.129242 24.58185   1008 0.64045 -0.11481 0.75937
 386 2202 1875 85.83458 28.062083 -236.972290 29.75515    792 0.63825 -0.11458 0.76125
 387 2202 1846 85.83458 28.037917 -150.100433 36.87905    970 0.63757 -0.11450 0.76184
 388 2183 1921 85.81875 28.100417 -358.141663 36.78327   3262 0.63949 -0.11467 0.76020
 389 2259 1921 85.88208 28.100417 -267.754974 45.86269   2901 0.63518 -0.11424 0.76387
 390 2259 1861 85.88208 28.050417 -194.271149 49.10636   3270 0.63396 -0.11408 0.76490
 391 2373 1892 85.97708 28.076250 -148.819000 34.59436  13907 0.62606 -0.11312 0.77153
 392 2374 1769 85.97792 27.973750 -111.052666 36.19812  15743 0.62354 -0.11283 0.77360
 393 2164 1480 85.80292 27.732917 443.345734 47.57794   1070 0.63305 -0.11399 0.76567
 394 2164 1510 85.80292 27.757917 358.819641 60.77147   1132 0.63362 -0.11406 0.76519
 395 2202 1510 85.83458 27.757917 199.116074 42.19292   1077 0.63093 -0.11372 0.76746
 396 2202 1480 85.83458 27.732917 263.846863 68.75336   1122 0.63098 -0.11378 0.76741
 397 2164 1541 85.80292 27.783750 239.238693 46.30621   1178 0.63449 -0.11417 0.76445
 398 2164 1571 85.80292 27.808750 205.637512 24.92781   1113 0.63465 -0.11415 0.76433
 399 2202 1571 85.83458 27.808750 121.707848 48.92025   1057 0.63267 -0.11397 0.76599
 400 2202 1541 85.83458 27.783750 120.381836 42.87411   1144 0.63186 -0.11387 0.76667
 401 2259 1556 85.88208 27.796250 24.938107 36.15675   4285 0.62790 -0.11339 0.76999
 402 2240 1480 85.86625 27.732917 171.247635 68.38879   1119 0.62838 -0.11348 0.76959
 403 2240 1510 85.86625 27.757917 91.212616 48.46195   1051 0.62823 -0.11341 0.76972
 404 2278 1510 85.89792 27.757917 -25.471340 40.46700   1036 0.62596 -0.11317 0.77160
 405 2278 1480 85.89792 27.732917 45.227684 32.23914   1116 0.62583 -0.11319 0.77170
 406 2183 1617 85.81875 27.847083 240.943634 52.51552   4290 0.63448 -0.11416 0.76447
 407 2183 1678 85.81875 27.897917 303.937012 28.43101   4140 0.63556 -0.11427 0.76354
 408 2259 1678 85.88208 27.897917 248.036972 49.95822   3915 0.63009 -0.11362 0.76816
 409 2240 1602 85.86625 27.834583 117.870438 43.00607   1006 0.62971 -0.11356 0.76849
 410 2240 1632 85.86625 27.859583 199.955536 39.59257   1020 0.63038 -0.11365 0.76792
 411 2278 1632 85.89792 27.859583 60.271854 41.81696    913 0.62799 -0.11338 0.76992
 412 2278 1602 85.89792 27.834583 -3.513795 24.85488   1086 0.62765 -0.11336 0.77020
 413 2374 1647 85.97792 27.872083 -91.109711 59.85457  16856 0.62218 -0.11273 0.77471
 414 2374 1525 85.97792 27.770417 -106.866241 35.34252  17239 0.61952 -0.11241 0.77689
 415 1991 1098 85.65875 27.414583 24.333698 37.07916  72249 0.63982 -0.11493 0.75988
 416 1877 1251 85.56375 27.542083 190.544647 31.35526   4625 0.64964 -0.11597 0.75135
 417 1858 1297 85.54792 27.580417 288.452332 42.81453   1196 0.65148 -0.11618 0.74972
 418 1858 1327 85.54792 27.605417 410.158020 35.21447   1162 0.65192 -0.11620 0.74933
 419 1896 1327 85.57958 27.605417 432.318298 47.63186   1138 0.64934 -0.11592 0.75161
 420 1896 1297 85.57958 27.580417 313.467010 45.29823   1157 0.64905 -0.11591 0.75186
 421 1934 1297 85.61125 27.580417 342.457275 40.29599   1177 0.64655 -0.11564 0.75406
 422 1934 1327 85.61125 27.605417 462.273590 46.26001   1125 0.64665 -0.11562 0.75397
 423 1972 1327 85.64292 27.605417 509.047546 49.05023   1118 0.64407 -0.11532 0.75623
 424 1972 1297 85.64292 27.580417 380.348175 42.42655   1171 0.64380 -0.11531 0.75645
 425 1953 1251 85.62708 27.542083 234.710480 34.82570   4602 0.64471 -0.11545 0.75566
 426 1858 1358 85.54792 27.631250 542.292725 56.69967   1197 0.65228 -0.11622 0.74901
 427 1858 1388 85.54792 27.656250 721.307739 68.23608   1155 0.65270 -0.11627 0.74864
 428 1896 1388 85.57958 27.656250 767.604309 55.42090   1138 0.64991 -0.11593 0.75112
 429 1896 1358 85.57958 27.631250 560.643188 69.11122   1155 0.64967 -0.11594 0.75132
 430 1858 1419 85.54792 27.682083 867.550110 50.64375   1195 0.65334 -0.11635 0.74807
 431 1858 1449 85.54792 27.707083 997.248901 42.70055   1144 0.65332 -0.11630 0.74810
 432 1896 1449 85.57958 27.707083 1035.077637 34.93454   1135 0.65073 -0.11599 0.75040
 433 1896 1419 85.57958 27.682083 903.225586 49.21490   1175 0.65049 -0.11600 0.75061
 434 1953 1434 85.62708 27.694583 994.643188 62.36580   4554 0.64681 -0.11558 0.75385
 435 1934 1358 85.61125 27.631250 598.689148 58.38289   1133 0.64697 -0.11563 0.75369
 436 1934 1388 85.61125 27.656250 794.633728 79.87366   1101 0.64737 -0.11565 0.75335
 437 1972 1388 85.64292 27.656250 831.653076 60.29221   1138 0.64487 -0.11539 0.75553
 438 1972 1358 85.64292 27.631250 690.683594 70.14928   1134 0.64440 -0.11534 0.75594
 439 2011 1358 85.67542 27.631250 724.869751 55.93439   1193 0.64211 -0.11510 0.75792
 440 2011 1388 85.67542 27.656250 895.155579 26.03295   1161 0.64228 -0.11510 0.75778
 441 2049 1388 85.70708 27.656250 898.020203 30.25996   1123 0.63963 -0.11479 0.76006
 442 2049 1358 85.70708 27.631250 801.401978 39.59310   1169 0.63920 -0.11473 0.76044
 443 2030 1434 85.69125 27.694583 944.486206 26.91651   4637 0.64152 -0.11498 0.75844
 444 2087 1419 85.73875 27.682083 894.401306 44.77623   1139 0.63750 -0.11452 0.76190
 445 2087 1449 85.73875 27.707083 853.131042 42.81213   1101 0.63816 -0.11461 0.76132
 446 2125 1449 85.77042 27.707083 687.004883 68.56058   1066 0.63543 -0.11429 0.76366
 447 2125 1419 85.77042 27.682083 809.287415 51.86013   1171 0.63520 -0.11427 0.76385
 448 2106 1373 85.75458 27.643750 833.191467 37.41145   4590 0.63619 -0.11443 0.76300
 449 2011 1236 85.67542 27.529583 212.963165 34.35201   1203 0.64059 -0.11498 0.75923
 450 2011 1266 85.67542 27.554583 311.085236 40.62189   1164 0.64094 -0.11499 0.75893
 451 2049 1266 85.70708 27.554583 383.109833 48.09082   1121 0.63853 -0.11474 0.76099
 452 2049 1236 85.70708 27.529583 255.267487 31.88665   1175 0.63786 -0.11466 0.76157
 453 2011 1297 85.67542 27.580417 444.208893 57.19801   1206 0.64106 -0.11498 0.75883
 454 2011 1327 85.67542 27.605417 603.900879 58.51573   1166 0.64151 -0.11503 0.75844
 455 2049 1327 85.70708 27.605417 700.394287 40.41096   1135 0.63887 -0.11473 0.76071
 456 2049 1297 85.70708 27.580417 514.633057 57.22744   1174 0.63847 -0.11470 0.76105
 457 2087 1297 85.73875 27.580417 569.240845 71.35249   1166 0.63579 -0.11438 0.76334
 458 2087 1327 85.73875 27.605417 713.020813 31.38332   1137 0.63642 -0.11444 0.76280
 459 2125 1327 85.77042 27.605417 760.517761 32.86216   1134 0.63404 -0.11419 0.76482
 460 2125 1297 85.77042 27.580417 569.923462 40.96675   1172 0.63372 -0.11416 0.76509
 461 2087 1236 85.73875 27.529583 273.789612 31.53461   1160 0.63552 -0.11440 0.76357
 462 2087 1266 85.73875 27.554583 416.041473 53.37864   1134 0.63532 -0.11433 0.76374
 463 2125 1266 85.77042 27.554583 467.251373 55.47673   1139 0.63287 -0.11404 0.76582
 464 2125 1236 85.77042 27.529583 322.219391 49.01451   1176 0.63249 -0.11401 0.76613
 465 2164 1236 85.80292 27.529583 375.025391 48.34956   1206 0.63002 -0.11373 0.76820
 466 2164 1266 85.80292 27.554583 529.770996 51.38596   1167 0.63051 -0.11377 0.76780
 467 2202 1266 85.83458 27.554583 556.909546 46.20232   1132 0.62759 -0.11343 0.77023
 468 2202 1236 85.83458 27.529583 408.657104 44.31878   1178 0.62721 -0.11340 0.77055
 469 2183 1312 85.81875 27.592917 747.772522 49.55624   4668 0.62985 -0.11371 0.76834
 470 2259 1312 85.88208 27.592917 674.958374 46.27920   4605 0.62481 -0.11312 0.77254
 471 2240 1236 85.86625 27.529583 401.233765 20.05597   1176 0.62495 -0.11316 0.77242
 472 2240 1266 85.86625 27.554583 569.056030 50.10343   1134 0.62509 -0.11313 0.77231
 473 2278 1266 85.89792 27.554583 534.568970 27.62781   1122 0.62277 -0.11289 0.77422
 474 2278 1236 85.89792 27.529583 440.342163 48.26249   1161 0.62217 -0.11282 0.77471
 475 2183 1373 85.81875 27.643750 789.863770 32.07842   4664 0.63108 -0.11384 0.76731
 476 2164 1419 85.80292 27.682083 725.444702 69.46540   1200 0.63279 -0.11400 0.76588
 477 2164 1449 85.80292 27.707083 547.020386 85.99371   1142 0.63288 -0.11400 0.76581
 478 2202 1449 85.83458 27.707083 444.014771 51.12464   1108 0.63053 -0.11374 0.76779
 479 2202 1419 85.83458 27.682083 625.217957 74.13690   1171 0.63026 -0.11373 0.76801
 480 2240 1419 85.86625 27.682083 503.422791 76.28189   1175 0.62785 -0.11346 0.77002
 481 2240 1449 85.86625 27.707083 333.658936 79.63417   1098 0.62781 -0.11341 0.77006
 482 2278 1449 85.89792 27.707083 218.539368 48.27407   1116 0.62526 -0.11310 0.77218
 483 2278 1419 85.89792 27.682083 392.260986 84.06974   1160 0.62503 -0.11310 0.77236
 484 2240 1358 85.86625 27.631250 742.520752 18.80147   1169 0.62657 -0.11329 0.77108
 485 2240 1388 85.86625 27.656250 669.476379 42.19806   1129 0.62712 -0.11335 0.77063
 486 2278 1388 85.89792 27.656250 567.015015 53.87798   1124 0.62456 -0.11306 0.77275
 487 2278 1358 85.89792 27.631250 666.095215 37.16446   1160 0.62381 -0.11297 0.77337
 488 2317 1358 85.93042 27.631250 587.363342 30.46447   1191 0.62146 -0.11270 0.77530
 489 2317 1388 85.93042 27.656250 453.294861 68.65128   1168 0.62183 -0.11274 0.77500
 490 2355 1388 85.96208 27.656250 346.703552 60.75842   1135 0.61923 -0.11243 0.77712
 491 2355 1358 85.96208 27.631250 488.185883 47.41164   1177 0.61896 -0.11242 0.77733
 492 2317 1419 85.93042 27.682083 275.875031 69.93195   1208 0.62257 -0.11283 0.77438
 493 2317 1449 85.93042 27.707083 100.420746 59.16164   1146 0.62288 -0.11286 0.77413
 494 2355 1449 85.96208 27.707083 22.290785 49.10692   1120 0.62024 -0.11254 0.77629
 495 2355 1419 85.96208 27.682083 178.888611 72.82125   1157 0.61944 -0.11243 0.77695
 496 2412 1434 86.00958 27.694583 -24.646427 46.53633   4477 0.61586 -0.11201 0.77985
 497 2393 1358 85.99375 27.631250 376.520142 41.90478   1165 0.61597 -0.11201 0.77977
 498 2393 1387 85.99375 27.655417 222.069565 81.20591   1126 0.61644 -0.11209 0.77939
 499 2431 1388 86.02542 27.656250 115.616096 65.02868   1045 0.61334 -0.11169 0.78188
 500 2431 1358 86.02542 27.631250 252.542999 45.85767   1162 0.61286 -0.11162 0.78227
 501 2336 1251 85.94625 27.542083 454.560181 61.20732   4688 0.61865 -0.11241 0.77759
 502 2336 1312 85.94625 27.592917 584.856445 47.41042   4693 0.61951 -0.11249 0.77689
 503 2412 1312 86.00958 27.592917 424.995636 61.78304   4623 0.61406 -0.11182 0.78130
 504 2412 1251 86.00958 27.542083 371.152130 42.19815   4628 0.61337 -0.11176 0.78185
 505 2221 1037 85.85042 27.363750 14.570358 18.36153  18333 0.62342 -0.11303 0.77368
 506 2183 1129 85.81875 27.440417 96.791618 37.57067   4680 0.62687 -0.11338 0.77083
 507 2183 1190 85.81875 27.491250 210.298706 62.99125   4684 0.62800 -0.11352 0.76989
 508 2240 1175 85.86625 27.478750 172.936981 38.25152   1176 0.62431 -0.11312 0.77295
 509 2240 1205 85.86625 27.503750 319.419739 43.77953   1132 0.62439 -0.11309 0.77289
 510 2278 1205 85.89792 27.503750 318.576294 41.10303   1137 0.62183 -0.11279 0.77498
 511 2278 1175 85.89792 27.478750 197.679092 47.98445   1177 0.62173 -0.11281 0.77506
 512 2259 1129 85.88208 27.440417 105.606407 26.65777   4622 0.62191 -0.11282 0.77492
 513 2336 1129 85.94625 27.440417 100.799423 47.48239   4681 0.61659 -0.11218 0.77925
 514 2336 1190 85.94625 27.491250 254.034119 68.13882   4680 0.61732 -0.11224 0.77866
 515 2393 1175 85.99375 27.478750 203.859192 22.93627   1171 0.61321 -0.11174 0.78198
 516 2393 1205 85.99375 27.503750 320.610809 22.20103   1133 0.61345 -0.11175 0.78179
 517 2431 1205 86.02542 27.503750 289.904358 26.13331   1135 0.61055 -0.11137 0.78411
 518 2431 1175 86.02542 27.478750 191.052277 32.67070   1170 0.61052 -0.11141 0.78413
 519 2412 1129 86.00958 27.440417 92.905624 38.19766   4608 0.61060 -0.11140 0.78406
 520 2374 1037 85.97792 27.363750 23.680065 19.68167  18581 0.61173 -0.11155 0.78316
 521 1401  488 85.16708 26.906250 -64.145111 8.88328   1404 0.66953 -0.11841 0.73328
 522 1697  441 85.41375 26.867083 -56.734322 10.39888  11572 0.65006 -0.11633 0.75092
 523 1379  610 85.14875 27.007917 -80.074768 10.99531  70412 0.67236 -0.11865 0.73065
 524 1379  854 85.14875 27.211250 -75.110397 14.20484  72890 0.67533 -0.11885 0.72788
 525 1685  854 85.40375 27.211250 -58.867367 24.40474  70176 0.65645 -0.11687 0.74527
 526 1685  610 85.40375 27.007917 -71.470825 11.98639  69277 0.65304 -0.11658 0.74829
 527 1991  610 85.65875 27.007917 -52.742149 14.17965  71506 0.63258 -0.11422 0.76603
 528 1991  854 85.65875 27.211250 -37.580662 31.70100  72203 0.63604 -0.11455 0.76311
 529 2297  854 85.91375 27.211250 -31.539896 24.69240  72965 0.61466 -0.11198 0.78080
 530 2297  610 85.91375 27.007917 -32.685417 14.23697  72665 0.61091 -0.11159 0.78380
 531 1996  405 85.66292 26.837083 -40.186340 11.71936  24696 0.62935 -0.11392 0.76873
 532 2297  366 85.91375 26.804583 -10.199245 15.44582  39244 0.60718 -0.11118 0.78675
 533  291 2064 84.24208 28.219583 80.653389 13.22062   2981 0.74613 -0.12380 0.65419
 534  302 2321 84.25125 28.433750 88.649307 18.78359    177 0.74967 -0.12399 0.65009
 535  460 2317 84.38292 28.430417 82.672897 18.04700  66223 0.74077 -0.12333 0.66034
 536  460 2073 84.38292 28.227083 65.335716 11.57448  70804 0.73790 -0.12328 0.66355
 537  460 2805 84.38292 28.837083 62.525352 29.61642  41849 0.74695 -0.12350 0.65332
 538  460 2560 84.38292 28.632917 97.953247 26.36466  49500 0.74393 -0.12345 0.65675
 539  766 2561 84.63792 28.633750 87.867584 26.07452  54381 0.72910 -0.12254 0.67335
 540  765 2807 84.63708 28.838750 48.760727 24.64877  58480 0.73194 -0.12259 0.67025
 541 1072 2805 84.89292 28.837083 32.038216 20.55096  59344 0.71672 -0.12159 0.68668
 542 1072 2561 84.89292 28.633750 67.680435 24.54791  59434 0.71413 -0.12154 0.68938
 543  766 2073 84.63792 28.227083 46.927383 20.03352  70235 0.72331 -0.12236 0.67960
 544  766 2317 84.63792 28.430417 110.767670 34.73594  53006 0.72592 -0.12240 0.67680
 545 1072 2317 84.89292 28.430417 57.137764 31.92672  63914 0.70984 -0.12120 0.69385
 546 1072 2073 84.89292 28.227083 -45.613869 64.18030  67810 0.70751 -0.12118 0.69624
 547  485 3285 84.40375 29.237083 15.764435 10.16374  27835 0.74946 -0.12321 0.65048
 548  460 3048 84.38292 29.039583 18.452869 11.24231  38897 0.74878 -0.12338 0.65123
 549  567 3739 84.47208 29.615417 34.271652 13.01608   8680 0.74975 -0.12289 0.65021
 550  523 3506 84.43542 29.421250 36.162899 8.88013  17275 0.74979 -0.12307 0.65013
 551  766 3536 84.63792 29.446250 29.864494 9.70412  72498 0.73892 -0.12252 0.66256
 552  766 3780 84.63792 29.649583 14.552248 22.26108  64210 0.74113 -0.12245 0.66010
 553 1072 3780 84.89292 29.649583 -3.443554 14.15769  51647 0.72598 -0.12155 0.67689
 554 1072 3536 84.89292 29.446250 16.539839 7.99957  73534 0.72363 -0.12157 0.67939
 555  766 3048 84.63792 29.039583 8.853628 18.78615  61733 0.73440 -0.12260 0.66755
 556  766 3292 84.63792 29.242917 10.309375 8.53803  72757 0.73636 -0.12251 0.66541
 557 1072 3292 84.89292 29.242917 -1.700248 7.80301  72356 0.72131 -0.12157 0.68186
 558 1072 3048 84.89292 29.039583 -1.040310 13.31769  67549 0.71920 -0.12163 0.68407
 559 1379 3048 85.14875 29.039583 -6.958063 10.09456  68054 0.70269 -0.12037 0.70124
 560 1379 3292 85.14875 29.242917 -18.062487 7.49276  72986 0.70528 -0.12042 0.69863
 561 1685 3292 85.40375 29.242917 -26.011925 7.49100  70710 0.68814 -0.11900 0.71576
 562 1685 3048 85.40375 29.039583 -13.583190 11.08249  57949 0.68552 -0.11891 0.71828
 563 1379 3536 85.14875 29.446250 -14.440218 11.98903  73417 0.70773 -0.12046 0.69614
 564 1379 3780 85.14875 29.649583 -26.585171 19.49710  39070 0.71049 -0.12054 0.69331
 565 1683 3751 85.40208 29.625417 -62.775494 15.40461  27705 0.69374 -0.11928 0.71028
 566 1685 3536 85.40375 29.446250 -42.277344 11.55747  72606 0.69117 -0.11917 0.71280
 567 1991 3536 85.65875 29.446250 -65.540977 17.76564  66524 0.67309 -0.11754 0.73016
 568 1984 3706 85.65292 29.587917 -83.114319 12.68990  13109 0.67575 -0.11773 0.72767
 569 2280 3672 85.89958 29.559583 -103.543030 10.56658   2000 0.65712 -0.11594 0.74481
 570 2297 3536 85.91375 29.446250 -94.279129 16.37173  64909 0.65420 -0.11569 0.74742
 571 1991 3048 85.65875 29.039583 -17.085739 11.70222  57215 0.66707 -0.11717 0.73572
 572 1991 3292 85.65875 29.242917 -39.778023 12.54018  69896 0.67009 -0.11736 0.73294
 573 2297 3292 85.91375 29.242917 -58.441280 15.66361  70975 0.65074 -0.11541 0.75048
 574 2297 3048 85.91375 29.039583 -20.404631 16.90075  71582 0.64758 -0.11518 0.75324
 575 1245 1967 85.03708 28.138750 -303.597961 47.69515    783 0.69634 -0.12026 0.70757
 576 1245 1997 85.03708 28.163750 -257.746979 24.35868    950 0.69703 -0.12033 0.70688
 577 1283 1997 85.06875 28.163750 -343.568787 29.76643    918 0.69501 -0.12017 0.70889
 578 1282 1967 85.06792 28.138750 -434.054749 37.85328    863 0.69513 -0.12022 0.70876
 579 1264 2043 85.05292 28.202083 -204.550415 37.04491   3988 0.69695 -0.12034 0.70695
 580 1341 2043 85.11708 28.202083 -267.136047 61.10798   4249 0.69242 -0.11994 0.71145
 581 1341 1982 85.11708 28.151250 -447.079590 69.92815   4004 0.69193 -0.11994 0.71194
 582 1264 2104 85.05292 28.252917 -110.316406 44.05430   3858 0.69828 -0.12048 0.70561
 583 1264 2165 85.05292 28.303750 -23.215942 38.67828   3257 0.69934 -0.12057 0.70455
 584 1340 2165 85.11625 28.303750 -46.056534 31.61624   3191 0.69524 -0.12023 0.70865
 585 1341 2104 85.11708 28.252917 -144.300507 44.75343   4066 0.69417 -0.12014 0.70972
 586 1418 2104 85.18125 28.252917 -142.261505 51.24945   3406 0.69028 -0.11983 0.71355
 587 1418 2165 85.18125 28.303750 -47.572662 27.14934   3238 0.69074 -0.11982 0.71310
 588 1494 2165 85.24458 28.303750 -79.060692 29.22206   3333 0.68585 -0.11934 0.71789
 589 1494 2103 85.24458 28.252083 -191.279724 62.43475   3802 0.68525 -0.11934 0.71846
 590 1418 1982 85.18125 28.151250 -490.210907 61.72639   4070 0.68790 -0.11960 0.71589
 591 1417 2043 85.18042 28.202083 -295.589844 67.91557   4037 0.68913 -0.11972 0.71468
 592 1494 2043 85.24458 28.202083 -361.523193 69.02394   4129 0.68455 -0.11930 0.71913
 593 1494 1982 85.24458 28.151250 -536.395203 62.95920   4225 0.68337 -0.11918 0.72028
 594 1379 2317 85.14875 28.430417 47.210907 36.19035  50899 0.69454 -0.12008 0.70936
 595 1685 2316 85.40375 28.429583 -5.909058 37.06982  58037 0.67685 -0.11846 0.72653
 596 1571 1982 85.30875 28.151250 -552.339600 42.88127   4309 0.67812 -0.11863 0.72531
 597 1571 2043 85.30875 28.202083 -385.117401 60.15941   4487 0.67932 -0.11875 0.72417
 598 1647 2043 85.37208 28.202083 -386.281311 59.92008   3874 0.67450 -0.11826 0.72874
 599 1628 1967 85.35625 28.138750 -645.157349 34.33413   1103 0.67482 -0.11833 0.72843
 600 1627 1998 85.35542 28.164583 -539.509399 24.11600   1001 0.67510 -0.11833 0.72818
 601 1666 1997 85.38792 28.163750 -518.580627 28.04800   1075 0.67301 -0.11815 0.73014
 602 1666 1967 85.38792 28.138750 -674.907898 36.72327   1016 0.67288 -0.11817 0.73025
 603 1571 2104 85.30875 28.252917 -224.728928 51.83151   4363 0.68046 -0.11886 0.72308
 604 1571 2165 85.30875 28.303750 -109.684723 22.45927   4348 0.68070 -0.11881 0.72286
 605 1647 2165 85.37208 28.303750 -105.410355 39.97145   4055 0.67659 -0.11845 0.72677
 606 1647 2104 85.37208 28.252917 -235.047379 67.36079   4001 0.67508 -0.11828 0.72821
 607 1763 2133 85.46875 28.277083 -157.053406 68.58646  13488 0.66982 -0.11785 0.73311
 608 1705 1967 85.42042 28.138750 -648.929504 39.69508   1021 0.67086 -0.11799 0.73213
 609 1705 1997 85.42042 28.163750 -521.123901 33.71524   1052 0.67080 -0.11794 0.73220
 610 1743 1997 85.45208 28.163750 -524.204224 37.17595    925 0.66882 -0.11778 0.73404
 611 1743 1967 85.45208 28.138750 -616.831421 39.16689   1003 0.66880 -0.11781 0.73405
 612 1724 2043 85.43625 28.202083 -372.235229 63.77778   4236 0.67097 -0.11799 0.73204
 613 1800 2043 85.49958 28.202083 -335.189301 69.38776   3196 0.66617 -0.11749 0.73649
 614 1800 1982 85.49958 28.151250 -539.573853 57.33682   2927 0.66603 -0.11755 0.73660
 615 1379 2561 85.14875 28.633750 48.794586 21.71334  55183 0.69764 -0.12023 0.70629
 616 1379 2804 85.14875 28.836250 15.561762 23.83116  57906 0.70010 -0.12030 0.70383
 617 1685 2805 85.40375 28.837083 1.312885 20.98428  55242 0.68287 -0.11881 0.72082
 618 1685 2561 85.40375 28.633750 27.131683 16.97480  52903 0.68040 -0.11873 0.72316
 619 1991 2561 85.65875 28.633750 9.741463 24.96852  49369 0.66110 -0.11680 0.74115
 620 1991 2805 85.65875 28.837083 4.500111 29.34393  43049 0.66397 -0.11696 0.73855
 621 2297 2805 85.91375 28.837083 22.923412 16.16544  67185 0.64459 -0.11496 0.75584
 622 2297 2561 85.91375 28.633750 16.781918 11.92825  68355 0.64114 -0.11465 0.75881
 623 1877 1982 85.56375 28.151250 -515.199829 45.29697   2934 0.66106 -0.11705 0.74115
 624 1877 2043 85.56375 28.202083 -359.120361 47.80080   3495 0.66126 -0.11700 0.74098
 625 1953 2043 85.62708 28.202083 -378.948608 40.48452   3475 0.65658 -0.11651 0.74520
 626 1953 1981 85.62708 28.150417 -486.727509 29.86802   3178 0.65633 -0.11655 0.74541
 627 1877 2104 85.56375 28.252917 -257.507050 48.44268   2487 0.66304 -0.11722 0.73935
 628 1877 2166 85.56375 28.304583 -134.044495 42.09165   2776 0.66287 -0.11711 0.73952
 629 1953 2164 85.62708 28.302917 -182.209991 41.78917   3066 0.65880 -0.11674 0.74321
 630 1952 2104 85.62625 28.252917 -276.809937 47.24562   2607 0.65811 -0.11669 0.74382
 631 2068 2135 85.72292 28.278750 -231.822601 65.52708  12448 0.65067 -0.11586 0.75046
 632 2030 1982 85.69125 28.151250 -471.748840 31.97960   3075 0.65138 -0.11602 0.74983
 633 2030 2043 85.69125 28.202083 -389.637665 34.12037   3456 0.65194 -0.11604 0.74934
 634 2106 2042 85.75458 28.201250 -349.643402 43.04153   2933 0.64743 -0.11559 0.75331
 635 2106 1981 85.75458 28.150417 -315.598846 58.14327   2992 0.64627 -0.11546 0.75433
 636 1991 2317 85.65875 28.430417 -55.388374 50.95274  50472 0.65896 -0.11674 0.74306
 637 2298 2317 85.91458 28.430417 -41.134956 41.41906  60593 0.63786 -0.11440 0.76161
 638 2221 2013 85.85042 28.177083 -264.645416 47.38065  11315 0.63945 -0.11471 0.76023
 639 2222 2134 85.85125 28.277917 -179.871643 47.08278  12656 0.64065 -0.11479 0.75921
 640 2374 2134 85.97792 28.277917 -93.368416 29.92751  14637 0.63047 -0.11364 0.76785
 641 2374 2012 85.97792 28.176250 -144.677521 44.45065  15644 0.62802 -0.11334 0.76990
 642 2604 2073 86.16958 28.227083 -31.685621 35.61775  52589 0.61323 -0.11160 0.78198
 643 2604 2317 86.16958 28.430417 8.788231 19.06463  65744 0.61665 -0.11192 0.77924
 644 2910 2317 86.42458 28.430417 46.987514 15.69908  69757 0.59421 -0.10915 0.79686
 645 2910 2073 86.42458 28.227083 32.324829 19.80126  59034 0.59056 -0.10875 0.79964
 646 2604 2561 86.16958 28.633750 39.359734 11.22874  70210 0.62024 -0.11227 0.77633
 647 2604 2805 86.16958 28.837083 28.672098 16.70008  71852 0.62361 -0.11259 0.77359
 648 2910 2805 86.42458 28.837083 30.529713 24.63420  61244 0.60123 -0.10988 0.79149
 649 2910 2561 86.42458 28.633750 63.003723 7.78554  70465 0.59756 -0.10949 0.79431
 650 3216 2561 86.67958 28.633750 71.418480 12.19591  71446 0.57390 -0.10643 0.81198
 651 3216 2805 86.67958 28.837083 25.557013 26.06427  73609 0.57819 -0.10695 0.80886
 652 3522 2805 86.93458 28.837083 22.926952 23.07754  73487 0.55382 -0.10370 0.82615
 653 3522 2561 86.93458 28.633750 77.993080 12.71353  73084 0.54895 -0.10302 0.82949
 654 3216 2073 86.67958 28.227083 57.269844 14.40862  68266 0.56663 -0.10558 0.81718
 655 3216 2317 86.67958 28.430417 70.972694 9.30142  73867 0.56999 -0.10596 0.81479
 656 3522 2317 86.93458 28.430417 85.445938 5.95547  74234 0.54473 -0.10246 0.83233
 657 3522 2073 86.93458 28.227083 74.471848 14.24257  70612 0.54070 -0.10195 0.83501
 658 2604 3048 86.16958 29.039583 -35.635475 26.62509  67003 0.62719 -0.11294 0.77063
 659 2604 3292 86.16958 29.242917 -84.373543 15.51562  72511 0.63054 -0.11324 0.76785
 660 2910 3292 86.42458 29.242917 -102.392792 16.31166  63815 0.60925 -0.11077 0.78521
 661 2910 3048 86.42458 29.039583 -40.982559 26.15301  58154 0.60539 -0.11036 0.78824
 662 2604 3536 86.16958 29.446250 -111.444084 11.01616  62035 0.63387 -0.11353 0.76506
 663 2910 3536 86.42458 29.446250 -122.585175 8.99490  44419 0.61279 -0.11112 0.78240
 664 3169 3527 86.64042 29.438750 -127.997192 11.67579   9398 0.59316 -0.10872 0.79771
 665 3216 3048 86.67958 29.039583 -27.923693 18.77850  40454 0.58226 -0.10744 0.80587
 666 3128 3326 86.60625 29.271250 -105.472748 19.02145   9597 0.59309 -0.10874 0.79776
 667 3514 3011 86.92792 29.008750 -18.055893 8.97810  25082 0.55775 -0.10418 0.82344
 668 3829 3048 87.19042 29.039583 -25.875341 24.19443  44385 0.53212 -0.10061 0.84067
 669 3879 3283 87.23208 29.235417 -75.345039 12.84114  24675 0.53158 -0.10047 0.84103
 670 4135 3292 87.44542 29.242917 -77.150787 12.48457  68182 0.50937 -0.09725 0.85503
 671 4135 3048 87.44542 29.039583 -36.092453 18.63895  74254 0.50473 -0.09659 0.85786
 672 3913 3434 87.26042 29.361250 -95.428078 9.08483   1061 0.53139 -0.10044 0.84115
 673 4032 3415 87.35958 29.345417 -94.920738 11.16514    228 0.52061 -0.09888 0.84805
 674 4441 3048 87.70042 29.039583 -54.819462 16.84443  73867 0.47565 -0.09212 0.87480
 675 4441 3292 87.70042 29.242917 -82.158661 7.77445  53238 0.48052 -0.09286 0.87205
 676 4747 3292 87.95542 29.242917 -95.043182 8.46199  30931 0.45122 -0.08828 0.88804
 677 4747 3048 87.95542 29.039583 -75.028069 15.68154  46658 0.44589 -0.08740 0.89081
 678 3829 2073 87.19042 28.227083 53.162655 17.58174  63030 0.51341 -0.09794 0.85254
 679 3829 2317 87.19042 28.430417 69.544487 15.37739  73397 0.51792 -0.09860 0.84973
 680 4135 2317 87.44542 28.430417 38.684334 11.39264  71930 0.49005 -0.09440 0.86657
 681 4135 2073 87.44542 28.227083 32.960785 9.85736  67128 0.48527 -0.09366 0.86933
 682 3829 2561 87.19042 28.633750 65.013641 15.62415  73990 0.52252 -0.09924 0.84683
 683 3829 2805 87.19042 28.837083 18.026794 17.33599  74002 0.52731 -0.09992 0.84378
 684 4135 2805 87.44542 28.837083 3.334417 17.75925  73703 0.50014 -0.09591 0.86062
 685 4135 2561 87.44542 28.633750 35.411804 20.05746  72641 0.49475 -0.09509 0.86382
 686 4441 2561 87.70042 28.633750 -2.949551 15.15770  73864 0.46567 -0.09058 0.88031
 687 4441 2805 87.70042 28.837083 -25.689663 14.01772  72939 0.47145 -0.09150 0.87713
 688 4729 2805 87.94042 28.837083 -42.920658 9.62811  32037 0.44230 -0.08682 0.89265
 689 4684 2559 87.90292 28.632083 -31.620586 10.24613  18550 0.44118 -0.08662 0.89323
 690 4441 2073 87.70042 28.227083 15.459551 12.64690  63700 0.45518 -0.08889 0.88595
 691 4441 2317 87.70042 28.430417 10.124620 19.49585  68915 0.46037 -0.08972 0.88318
 692 4639 2339 87.86542 28.448750 -10.566640 10.03037   7818 0.44076 -0.08656 0.89344
 693 4597 2153 87.83042 28.293750 -1.572988 5.48274    123 0.44091 -0.08657 0.89337
 694 2604  366 86.16958 26.804583 14.501122 13.95711  52286 0.58382 -0.10812 0.80465
 695 2910  366 86.42458 26.804583 43.698196 19.83206  66492 0.55922 -0.10471 0.82238
 696 3045  244 86.53708 26.702917 61.510559 4.05141     38 0.54572 -0.10281 0.83164
 697 2604  610 86.16958 27.007917 -17.911140 18.29520  73704 0.58779 -0.10857 0.80169
 698 2604  854 86.16958 27.211250 -18.650686 16.66422  73695 0.59215 -0.10913 0.79841
 699 2910  854 86.42458 27.211250 -19.646545 16.02911  73380 0.56814 -0.10589 0.81609
 700 2910  610 86.42458 27.007917 3.148942 17.43210  72918 0.56366 -0.10531 0.81926
 701 3216  610 86.67958 27.007917 6.854897 22.73826  68662 0.53784 -0.10162 0.83690
 702 3216  854 86.67958 27.211250 -20.925484 14.95201  72819 0.54253 -0.10227 0.83379
 703 3522  854 86.93458 27.211250 -25.917458 15.59865  70833 0.51630 -0.09844 0.85073
 704 3522  610 86.93458 27.007917 -0.227038 17.45122  70019 0.51135 -0.09769 0.85381
 705 3229  213 86.69042 26.677083 84.813980 8.72581   8112 0.52927 -0.10040 0.84249
 706 3216  366 86.67958 26.804583 55.573517 21.50312  69528 0.53317 -0.10093 0.83997
 707 3522  366 86.93458 26.804583 57.322300 24.08392  69021 0.50567 -0.09682 0.85728
 708 3528  173 86.93958 26.643750 82.933273 7.91002  19966 0.50131 -0.09614 0.85991
 709 2604 1098 86.16958 27.414583 23.988789 25.07175  74222 0.59632 -0.10962 0.79523
 710 2489 1251 86.07375 27.542083 276.676453 65.77473   4650 0.60675 -0.11089 0.78712
 711 2470 1297 86.05792 27.580417 329.272156 19.00760   1199 0.60927 -0.11121 0.78512
 712 2470 1327 86.05792 27.605417 257.269348 48.12684   1162 0.60951 -0.11123 0.78493
 713 2508 1327 86.08958 27.605417 160.428772 29.90861   1115 0.60678 -0.11088 0.78710
 714 2508 1297 86.08958 27.580417 232.763382 45.95603   1155 0.60616 -0.11081 0.78759
 715 2566 1312 86.13792 27.592917 104.575874 54.24720   4591 0.60264 -0.11037 0.79034
 716 2566 1251 86.13792 27.542083 154.365463 24.23503   4615 0.60162 -0.11027 0.79114
 717 2527 1403 86.10542 27.668750 -36.171764 52.61102  18157 0.60645 -0.11081 0.78736
 718 2681 1403 86.23375 27.668750 -21.199869 17.21482  18345 0.59594 -0.10953 0.79552
 719 2681 1281 86.23375 27.567083 34.355289 26.64861  18413 0.59372 -0.10925 0.79722
 720 2910 1342 86.42458 27.617917 -8.145590 17.12593  72512 0.57681 -0.10701 0.80984
 721 2910 1098 86.42458 27.414583 -8.734114 18.19966  73883 0.57311 -0.10658 0.81252
 722 2604 1586 86.16958 27.821250 -92.384933 58.62471  67514 0.60474 -0.11062 0.78871
 723 2604 1830 86.16958 28.024583 -65.715225 47.66095  52271 0.60887 -0.11108 0.78545
 724 2910 1830 86.42458 28.024583 28.326580 29.60744  60132 0.58649 -0.10827 0.80268
 725 2910 1586 86.42458 27.821250 4.247775 32.07348  61935 0.58279 -0.10784 0.80544
 726 3216 1586 86.67958 27.821250 22.335718 22.95003  60051 0.55683 -0.10424 0.82406
 727 3216 1830 86.67958 28.024583 47.362862 24.48289  56752 0.56208 -0.10497 0.82040
 728 3522 1830 86.93458 28.024583 52.758858 23.94012  53002 0.53710 -0.10149 0.83739
 729 3522 1587 86.93458 27.822083 36.068081 23.74813  51633 0.53183 -0.10071 0.84084
 730 3216 1098 86.67958 27.414583 -36.909973 12.99510  72355 0.54682 -0.10286 0.83091
 731 3216 1342 86.67958 27.617917 -21.282122 22.09532  67947 0.55216 -0.10362 0.82727
 732 3522 1342 86.93458 27.617917 -19.744734 40.77945  53796 0.52619 -0.09988 0.84448
 733 3522 1098 86.93458 27.414583 -34.630199 19.35659  62046 0.52095 -0.09911 0.84782
 734 3829 1098 87.19042 27.414583 -55.187424 12.38331  70153 0.49209 -0.09470 0.86538
 735 3830 1342 87.19125 27.617917 -34.319427 28.43602  53778 0.49743 -0.09552 0.86223
 736 4135 1342 87.44542 27.617917 -19.293659 27.60826  58823 0.46828 -0.09096 0.87889
 737 4135 1097 87.44542 27.413750 -31.363548 17.80105  65392 0.46389 -0.09028 0.88128
 738 3829 1587 87.19042 27.822083 16.684574 40.79874  43602 0.50401 -0.09655 0.85828
 739 3829 1830 87.19042 28.024583 43.189423 22.61930  53813 0.50893 -0.09730 0.85529
 740 4135 1830 87.44542 28.024583 29.244350 23.57016  55217 0.47992 -0.09283 0.87239
 741 4135 1586 87.44542 27.821250 4.606452 33.64305  58123 0.47421 -0.09192 0.87560
 742 4441 1586 87.70042 27.821250 44.338333 19.51598  30262 0.44458 -0.08716 0.89149
 743 4441 1830 87.70042 28.024583 29.836878 12.76895  44201 0.44981 -0.08802 0.88878
 744 4440 1099 87.69958 27.415417 -52.858387 16.98296  27043 0.43175 -0.08500 0.89798
 745 4422 1342 87.68458 27.617917 -4.074626 39.56044  21938 0.44064 -0.08652 0.89350
 746 3829  122 87.19042 26.601250 83.527512 5.82646  37404 0.47152 -0.09149 0.87710
 747 3829  366 87.19042 26.804583 63.723862 20.72555  70570 0.47664 -0.09228 0.87424
 748 4135  366 87.44542 26.804583 66.631561 13.11106  67770 0.44678 -0.08747 0.89036
 749 4135  122 87.44542 26.601250 75.093864 10.06586  47042 0.44080 -0.08645 0.89343
 750 3828  610 87.18958 27.007917 -3.352979 22.36135  72587 0.48200 -0.09313 0.87121
 751 3829  854 87.19042 27.211250 -42.167034 20.27483  72561 0.48706 -0.09392 0.86830
 752 4135  854 87.44542 27.211250 -30.375019 18.40234  71030 0.45797 -0.08932 0.88447
 753 4135  610 87.44542 27.007917 10.654262 24.88219  72143 0.45185 -0.08830 0.88771
 754 4351  649 87.62542 27.040417 9.323675 18.77272  10414 0.43060 -0.08478 0.89855
 755 4393  895 87.66042 27.245417 -51.127640 15.60748  21310 0.43205 -0.08505 0.89783
 756 4293  460 87.57708 26.882917 45.215321 9.85926    305 0.43272 -0.08516 0.89750
