  -3.9917786e+04  -3.9992116e+05  -0.0000000e+00   3.8860546e+00   6.0971061e+00   0.0000000e+00   9.9000000e-01   1.0100000e+00   0.0000000e+00
  -9.6366970e+04  -3.4080115e+05  -0.0000000e+00   6.4210437e+00   6.9230922e+00   0.0000000e+00   1.1500000e+00   1.1600000e+00   0.0000000e+00
  -5.5133047e+04  -4.1765719e+05  -0.0000000e+00   8.5895181e+00   5.9937966e+00   0.0000000e+00   1.3300000e+00   1.5100000e+00   0.0000000e+00
  -7.0301664e+04  -3.4725431e+05  -0.0000000e+00   7.7142057e+00   7.4159557e+00   0.0000000e+00   1.1300000e+00   1.3000000e+00   0.0000000e+00
  -1.6078847e+04  -3.5090848e+05  -0.0000000e+00   3.1754055e+00   4.8339854e+00   0.0000000e+00   7.0000000e-01   7.9000000e-01   0.0000000e+00
   3.3988191e+04  -3.3821320e+05  -0.0000000e+00   2.8238512e+00   3.6366311e+00   0.0000000e+00   9.4000000e-01   1.0000000e+00   0.0000000e+00
   6.0688649e+04  -3.8527217e+05  -0.0000000e+00   6.6042972e-01   2.4111080e+00   0.0000000e+00   1.7900000e+00   2.1400000e+00   0.0000000e+00
   1.4550971e+05  -3.6990093e+05  -0.0000000e+00   8.3249000e-01   1.7405229e+00   0.0000000e+00   5.5000000e-01   6.2000000e-01   0.0000000e+00
   5.0559475e+04  -3.9717797e+05  -0.0000000e+00   2.4930559e-01   5.7676579e+00   0.0000000e+00   1.4500000e+00   1.6800000e+00   0.0000000e+00
   1.7556602e+05   3.0768596e+05   0.0000000e+00   1.9325759e+00   6.6057540e-01   0.0000000e+00   6.2000000e-01   6.8000000e-01   0.0000000e+00
   5.9892908e+04   1.9716617e+05   0.0000000e+00   5.0385299e+00   3.2337388e+00   0.0000000e+00   5.9000000e-01   7.1000000e-01   0.0000000e+00
   8.4217238e+04   1.7135397e+05   0.0000000e+00   3.8557154e+00   1.9951339e+00   0.0000000e+00   4.3000000e-01   5.0000000e-01   0.0000000e+00
  -1.0770116e+05  -1.8401678e+05  -0.0000000e+00   1.4056605e+01  -2.5328329e+00  -0.0000000e+00   4.4000000e-01   4.9000000e-01   0.0000000e+00
   7.7025119e+04   3.4255470e+05   0.0000000e+00   1.0209023e+00  -1.2591968e+00  -0.0000000e+00   1.8100000e+00   2.3400000e+00   0.0000000e+00
   2.0910735e+05   2.1994448e+05   0.0000000e+00   2.4999337e+00   3.5919728e-01   0.0000000e+00   7.8000000e-01   8.3000000e-01   0.0000000e+00
   3.2243859e+04   2.4015846e+04   0.0000000e+00   5.3144546e+00   2.0168910e+00   0.0000000e+00   1.9000000e-01   2.0000000e-01   0.0000000e+00
  -3.3690965e+04   3.4723589e+05   0.0000000e+00   4.9906118e+00   2.4906688e+00   0.0000000e+00   5.7000000e-01   7.9000000e-01   0.0000000e+00
  -8.3119152e+04  -4.1839379e+04  -0.0000000e+00   1.0514682e+01   4.0123454e+00   0.0000000e+00   3.8000000e-01   4.3000000e-01   0.0000000e+00
  -1.5714211e+05   4.2557589e+05   0.0000000e+00   7.5210846e+00   5.6239558e+00   0.0000000e+00   6.6000000e-01   8.0000000e-01   0.0000000e+00
  -3.1682623e+04   1.2910297e+05   0.0000000e+00   6.7000256e+00   2.3357727e+00   0.0000000e+00   1.5600000e+00   1.9100000e+00   0.0000000e+00
  -9.8570124e+04  -3.6124888e+05  -0.0000000e+00   6.1780680e+00   7.1311189e+00   0.0000000e+00   8.2000000e-01   9.1000000e-01   0.0000000e+00
  -9.8519307e+04  -3.6119335e+05  -0.0000000e+00   6.1776461e+00   7.1314299e+00   0.0000000e+00   8.2000000e-01   9.1000000e-01   0.0000000e+00
  -9.8765667e+04  -3.6151544e+05  -0.0000000e+00   6.1800685e+00   7.1299268e+00   0.0000000e+00   8.2000000e-01   9.1000000e-01   0.0000000e+00
   1.4849341e+05  -1.8741637e+05  -0.0000000e+00   3.2021688e+00   1.5936530e+00   0.0000000e+00   5.5000000e-01   6.1000000e-01   0.0000000e+00
  -8.4461675e+04  -4.5906484e+04  -0.0000000e+00   1.0154586e+01   5.2039465e+00   0.0000000e+00   2.1000000e-01   2.0000000e-01   0.0000000e+00
  -1.0371650e+04   3.9745244e+05   0.0000000e+00   3.1668856e+00   3.9527656e+00   0.0000000e+00   4.4000000e-01   5.0000000e-01   0.0000000e+00
  -4.0681751e+04   2.2127852e+05   0.0000000e+00   6.2637257e+00   2.7348480e+00   0.0000000e+00   4.6000000e-01   5.7000000e-01   0.0000000e+00
   1.9050786e+05   3.9950966e+05   0.0000000e+00   1.0832201e-01   2.8313153e-01   0.0000000e+00   6.2000000e-01   7.8000000e-01   0.0000000e+00
   1.7697770e+05   5.2733831e+04   0.0000000e+00   2.7544571e+00   4.4853893e-01   0.0000000e+00   5.6000000e-01   5.8000000e-01   0.0000000e+00
   5.8799288e+04   4.1250928e+05   0.0000000e+00   2.6657880e+00   3.0291043e+00   0.0000000e+00   7.5000000e-01   9.6000000e-01   0.0000000e+00
   2.3755733e+04   3.5132779e+05   0.0000000e+00   1.4291000e+00   1.7823738e+00   0.0000000e+00   5.6000000e-01   5.7000000e-01   0.0000000e+00
  -8.7234190e+04  -2.7200037e+05  -0.0000000e+00   6.9949799e+00   6.2346723e+00   0.0000000e+00   1.8700000e+00   1.8800000e+00   0.0000000e+00
  -3.6221262e+04   3.7682492e+05   0.0000000e+00   4.6311033e+00   3.0651027e+00   0.0000000e+00   1.8000000e-01   1.8000000e-01   0.0000000e+00
  -3.6221262e+04   3.7682492e+05   0.0000000e+00   4.6311033e+00   3.0651027e+00   0.0000000e+00   1.8000000e-01   1.8000000e-01   0.0000000e+00
  -9.2145758e+04  -4.2307674e+05  -0.0000000e+00   5.4457184e+00   1.0355905e+01   0.0000000e+00   8.0000000e-01   8.7000000e-01   0.0000000e+00
   1.0376076e+05  -3.1008943e+05  -0.0000000e+00   2.1270064e+00   2.0156900e+00   0.0000000e+00   3.6000000e-01   4.2000000e-01   0.0000000e+00
  -1.8024438e+05   5.2675953e+05   0.0000000e+00   3.2500000e+00   3.3000000e+00   0.0000000e+00   9.9000000e-01   1.0100000e+00   0.0000000e+00
  -1.8681873e+05   4.3640749e+05   0.0000000e+00   8.7264226e+00   6.6925478e+00   0.0000000e+00   2.3000000e-01   2.2000000e-01   0.0000000e+00
  -2.5615234e+05   5.3243199e+05   0.0000000e+00   3.3500000e+00   3.3800000e+00   0.0000000e+00   5.9000000e-01   6.0000000e-01   0.0000000e+00
  -1.4864825e+05   4.6740199e+05   0.0000000e+00   6.0600000e+00   5.4000000e+00   0.0000000e+00   5.0000000e-01   5.4000000e-01   0.0000000e+00
   1.1284618e+03   1.8569395e+05   0.0000000e+00   4.4108358e+00   2.1143876e+00   0.0000000e+00   3.7000000e-01   3.7000000e-01   0.0000000e+00
   6.2861087e+04   3.5145010e+05   0.0000000e+00   2.0232673e+00   1.2795699e+00   0.0000000e+00   5.1000000e-01   5.2000000e-01   0.0000000e+00
   6.4024653e+04   3.5284002e+05   0.0000000e+00   2.9956920e+00   1.1925739e+00   0.0000000e+00   3.3000000e-01   3.3000000e-01   0.0000000e+00
   6.4024653e+04   3.5284002e+05   0.0000000e+00   2.9956920e+00   1.1925739e+00   0.0000000e+00   3.3000000e-01   3.3000000e-01   0.0000000e+00
   6.3096697e+04   3.5241748e+05   0.0000000e+00   2.3680568e+00   2.2675205e+00   0.0000000e+00   6.5000000e-01   7.4000000e-01   0.0000000e+00
  -1.1653169e+05   4.6957066e+05   0.0000000e+00   4.8500000e+00   3.9800000e+00   0.0000000e+00   4.8000000e-01   5.1000000e-01   0.0000000e+00
   2.4267367e+04  -3.0934522e+05  -0.0000000e+00   1.1109491e-01   3.8364879e+00   0.0000000e+00   6.0000000e-01   6.8000000e-01   0.0000000e+00
  -6.3411981e+04   1.3124824e+05   0.0000000e+00   8.7638748e+00   4.5267123e+00   0.0000000e+00   3.5000000e-01   3.6000000e-01   0.0000000e+00
  -6.4458585e+04   1.3041459e+05   0.0000000e+00   8.7769998e+00   4.5115616e+00   0.0000000e+00   3.5000000e-01   3.6000000e-01   0.0000000e+00
  -1.8468682e+04   4.8219359e+05   0.0000000e+00   1.8300000e+00   2.0700000e+00   0.0000000e+00   7.3000000e-01   8.4000000e-01   0.0000000e+00
   2.3359783e+04   3.7145409e+05   0.0000000e+00   2.4184915e+00   6.4386642e-01   0.0000000e+00   4.0000000e-01   4.4000000e-01   0.0000000e+00
   5.6555930e+04   2.9853546e+05   0.0000000e+00   3.0395735e+00   1.9198034e+00   0.0000000e+00   3.3000000e-01   3.3000000e-01   0.0000000e+00
   5.6548506e+04   2.9852434e+05   0.0000000e+00   3.0396603e+00   1.9196931e+00   0.0000000e+00   3.3000000e-01   3.3000000e-01   0.0000000e+00
  -2.0744423e+04  -2.4454015e+05  -0.0000000e+00   4.0463954e+00   4.1729313e+00   0.0000000e+00   5.7000000e-01   6.7000000e-01   0.0000000e+00
   1.1846104e+05   3.0406132e+05   0.0000000e+00   2.6270287e+00   1.4139682e+00   0.0000000e+00   4.5000000e-01   5.1000000e-01   0.0000000e+00
   1.8525686e+04   2.7796677e+05   0.0000000e+00   4.6654848e+00   3.5764699e+00   0.0000000e+00   9.7000000e-01   1.0000000e+00   0.0000000e+00
  -1.5850301e+04  -9.4520786e+04  -0.0000000e+00   5.3584087e+00   1.4016484e+00   0.0000000e+00   7.7000000e-01   9.2000000e-01   0.0000000e+00
  -3.3571311e+04  -2.0793576e+05  -0.0000000e+00   3.9901449e+00   4.3106390e+00   0.0000000e+00   6.4000000e-01   7.1000000e-01   0.0000000e+00
  -8.4529364e+04  -1.8858627e+04  -0.0000000e+00   1.0180619e+01   4.2411987e+00   0.0000000e+00   4.0000000e-01   4.2000000e-01   0.0000000e+00
  -8.4448462e+04   4.8331687e+05   0.0000000e+00   3.3800000e+00   3.6500000e+00   0.0000000e+00   5.1000000e-01   5.4000000e-01   0.0000000e+00
  -1.5723036e+05   4.2636546e+05   0.0000000e+00   7.9390793e+00   5.5136682e+00   0.0000000e+00   3.2000000e-01   3.1000000e-01   0.0000000e+00
  -1.5723036e+05   4.2636546e+05   0.0000000e+00   7.9390793e+00   5.5136682e+00   0.0000000e+00   3.2000000e-01   3.1000000e-01   0.0000000e+00
   3.5324884e+04   8.6799250e+04   0.0000000e+00   5.4011609e+00   1.8995582e+00   0.0000000e+00   3.5000000e-01   3.9000000e-01   0.0000000e+00
   4.2230888e+04   3.8595432e+05   0.0000000e+00   1.0051898e+00   2.6012128e+00   0.0000000e+00   1.6600000e+00   1.6800000e+00   0.0000000e+00
  -4.8424099e+04   3.6860746e+05   0.0000000e+00   5.6605645e+00   2.3052535e+00   0.0000000e+00   6.7000000e-01   6.8000000e-01   0.0000000e+00
  -1.6106909e+05   5.1696076e+05   0.0000000e+00   2.5600000e+00   3.0600000e+00   0.0000000e+00   6.4000000e-01   6.9000000e-01   0.0000000e+00
  -4.5021962e+04   1.2739120e+05   0.0000000e+00   7.7626972e+00   3.5542785e+00   0.0000000e+00   5.6000000e-01   5.7000000e-01   0.0000000e+00
   8.4511597e+04   3.9338248e+05   0.0000000e+00   2.7343693e+00   1.6574921e+00   0.0000000e+00   4.4000000e-01   5.1000000e-01   0.0000000e+00
   3.4306731e+04   4.2146127e+05   0.0000000e+00   1.8838022e+00   1.8769372e+00   0.0000000e+00   6.0000000e-01   5.9000000e-01   0.0000000e+00
  -1.2190447e+05  -2.4431797e+05  -0.0000000e+00   8.7654925e+00   7.8735002e+00   0.0000000e+00   4.7000000e-01   5.2000000e-01   0.0000000e+00
   4.3710845e+04  -2.0444740e+05  -0.0000000e+00   4.1614114e+00   2.6027135e+00   0.0000000e+00   3.3000000e-01   3.7000000e-01   0.0000000e+00
  -1.9451993e+04   3.2846687e+05   0.0000000e+00   4.6424817e+00   3.0724361e+00   0.0000000e+00   3.1000000e-01   3.2000000e-01   0.0000000e+00
  -1.9451956e+04   3.2847799e+05   0.0000000e+00   4.6424095e+00   3.0725411e+00   0.0000000e+00   3.1000000e-01   3.2000000e-01   0.0000000e+00
   9.9821867e+04   3.6385939e+05   0.0000000e+00   1.9660412e+00   5.2827948e-01   0.0000000e+00   4.5000000e-01   5.3000000e-01   0.0000000e+00
   3.1160986e+04   3.9445000e+05   0.0000000e+00   3.4843235e+00   2.6488454e+00   0.0000000e+00   4.7000000e-01   4.9000000e-01   0.0000000e+00
  -6.8632666e+04  -2.4535109e+05  -0.0000000e+00   4.9450245e+00   4.8501051e+00   0.0000000e+00   3.0000000e-01   3.1000000e-01   0.0000000e+00
  -1.2699369e+05   3.9952078e+05   0.0000000e+00   7.6595169e+00   4.4512767e+00   0.0000000e+00   1.0100000e+00   1.1000000e+00   0.0000000e+00
   3.0783866e+02   4.5331137e+05   0.0000000e+00   2.1400000e+00   2.4700000e+00   0.0000000e+00   6.3000000e-01   6.6000000e-01   0.0000000e+00
  -3.2534200e+04   7.2680023e+03   0.0000000e+00   7.3255172e+00   3.3503794e+00   0.0000000e+00   3.9000000e-01   3.9000000e-01   0.0000000e+00
  -2.7294015e+04   6.7882432e+04   0.0000000e+00   6.3971940e+00   2.4730857e+00   0.0000000e+00   4.4000000e-01   4.8000000e-01   0.0000000e+00
   1.9364637e+05  -1.3180956e+05  -0.0000000e+00   2.8794003e+00   1.1531773e+00   0.0000000e+00   3.9000000e-01   4.6000000e-01   0.0000000e+00
  -5.8709971e+04  -1.4885321e+05  -0.0000000e+00   5.6290757e+00   3.7575299e+00   0.0000000e+00   1.0700000e+00   1.0900000e+00   0.0000000e+00
   2.0926629e+05  -3.8775997e+05  -0.0000000e+00   2.6735333e+00   1.7351492e+00   0.0000000e+00   2.1100000e+00   2.1400000e+00   0.0000000e+00
  -8.3212109e+04  -4.1639357e+04  -0.0000000e+00   1.0513298e+01   4.0117233e+00   0.0000000e+00   3.8000000e-01   4.3000000e-01   0.0000000e+00
  -7.9518013e+03  -4.0783705e+04  -0.0000000e+00   8.9687486e+00   2.7023389e+00   0.0000000e+00   8.3000000e-01   1.0500000e+00   0.0000000e+00
  -1.2820698e+05  -2.4042990e+05  -0.0000000e+00   1.0091184e+01   9.1032575e+00   0.0000000e+00   3.4000000e-01   3.3000000e-01   0.0000000e+00
  -1.2820698e+05  -2.4042990e+05  -0.0000000e+00   1.0421184e+01   8.8932575e+00   0.0000000e+00   2.4000000e-01   2.4000000e-01   0.0000000e+00
  -1.2820698e+05  -2.4042990e+05  -0.0000000e+00   1.0421184e+01   8.8932575e+00   0.0000000e+00   2.4000000e-01   2.4000000e-01   0.0000000e+00
  -6.3681566e+04  -2.2203342e+05  -0.0000000e+00   4.7056990e+00   4.4800350e+00   0.0000000e+00   3.6000000e-01   3.6000000e-01   0.0000000e+00
  -6.3656824e+04  -2.2201121e+05  -0.0000000e+00   4.7055277e+00   4.4801906e+00   0.0000000e+00   3.6000000e-01   3.6000000e-01   0.0000000e+00
  -7.4807740e+04   9.5768822e+04   0.0000000e+00   9.8123049e+00   3.9357964e+00   0.0000000e+00   2.1000000e-01   2.2000000e-01   0.0000000e+00
  -1.2836174e+05  -2.4037435e+05  -0.0000000e+00   1.0390873e+01   8.8222735e+00   0.0000000e+00   5.7000000e-01   5.8000000e-01   0.0000000e+00
   2.9722288e+04   3.9055799e+05   0.0000000e+00   2.0586256e+00   2.5645507e+00   0.0000000e+00   6.0000000e-01   6.3000000e-01   0.0000000e+00
   9.8597654e+04   2.9749033e+05   0.0000000e+00   2.4997352e+00   1.6796960e+00   0.0000000e+00   6.1000000e-01   7.4000000e-01   0.0000000e+00
  -6.6664040e+04   2.3782462e+04   0.0000000e+00   8.6147872e+00   4.3050740e+00   0.0000000e+00   2.5000000e-01   2.6000000e-01   0.0000000e+00
   7.0534192e+02   5.8279755e+04   0.0000000e+00   5.6824242e+00   2.0389088e+00   0.0000000e+00   3.8000000e-01   4.4000000e-01   0.0000000e+00
   1.6773929e+04   3.3466014e+05   0.0000000e+00   4.4268579e+00   2.4238035e+00   0.0000000e+00   3.4000000e-01   3.4000000e-01   0.0000000e+00
  -5.1695599e+04   4.3578472e+05   0.0000000e+00   4.1352903e+00   3.5098454e+00   0.0000000e+00   2.4000000e-01   2.4000000e-01   0.0000000e+00
   7.2561952e+04   4.6209712e+05   0.0000000e+00   1.4700000e+00   1.4300000e+00   0.0000000e+00   2.2000000e-01   2.1000000e-01   0.0000000e+00
   7.2561952e+04   4.6209712e+05   0.0000000e+00   1.4700000e+00   1.4300000e+00   0.0000000e+00   2.2000000e-01   2.1000000e-01   0.0000000e+00
  -7.6704481e+04   5.4067515e+04   0.0000000e+00   9.3328649e+00   4.9865663e+00   0.0000000e+00   2.1000000e-01   2.1000000e-01   0.0000000e+00
  -7.6704481e+04   5.4067515e+04   0.0000000e+00   9.3328649e+00   4.9865663e+00   0.0000000e+00   2.1000000e-01   2.1000000e-01   0.0000000e+00
  -1.5938990e+04   1.2282281e+05   0.0000000e+00   6.3879460e+00   2.8868857e+00   0.0000000e+00   7.1000000e-01   7.5000000e-01   0.0000000e+00
   3.3392912e+04   3.6229719e+04   0.0000000e+00   4.3660538e+00   4.5948972e+00   0.0000000e+00   1.0000000e+00   1.2600000e+00   0.0000000e+00
   5.9231282e+04   6.0035789e+04   0.0000000e+00   3.9235784e+00   9.7723251e-01   0.0000000e+00   2.4000000e-01   2.6000000e-01   0.0000000e+00
   5.0280622e+04   3.2906722e+04   0.0000000e+00   5.0226749e+00   1.5963796e+00   0.0000000e+00   4.9000000e-01   4.9000000e-01   0.0000000e+00
   5.9223447e+04   6.0035789e+04   0.0000000e+00   3.9235817e+00   9.7718049e-01   0.0000000e+00   2.4000000e-01   2.6000000e-01   0.0000000e+00
  -4.9974091e+04   3.8523152e+05   0.0000000e+00   5.0068333e+00   2.1202695e+00   0.0000000e+00   6.9000000e-01   7.3000000e-01   0.0000000e+00
  -5.3680151e+04   2.1926634e+05   0.0000000e+00   7.8011444e+00   3.8253352e+00   0.0000000e+00   4.6000000e-01   5.5000000e-01   0.0000000e+00
   1.3605855e+04  -8.8053913e+04  -0.0000000e+00   7.3284670e+00   3.3224068e+00   0.0000000e+00   8.2000000e-01   9.8000000e-01   0.0000000e+00
   1.2500739e+04   4.0879508e+05   0.0000000e+00   3.4687093e+00   1.6550606e+00   0.0000000e+00   9.8000000e-01   1.1600000e+00   0.0000000e+00
  -2.4233172e+04  -4.6039831e+04  -0.0000000e+00   6.7543258e+00   2.9762420e+00   0.0000000e+00   2.0000000e-01   1.8000000e-01   0.0000000e+00
  -2.4265079e+04  -4.6050943e+04  -0.0000000e+00   6.7544212e+00   2.9760343e+00   0.0000000e+00   2.0000000e-01   1.8000000e-01   0.0000000e+00
  -2.4265120e+04  -4.6062056e+04  -0.0000000e+00   6.7545010e+00   2.9760343e+00   0.0000000e+00   2.0000000e-01   1.8000000e-01   0.0000000e+00
  -2.4265120e+04  -4.6062056e+04  -0.0000000e+00   6.7545010e+00   2.9760343e+00   0.0000000e+00   2.0000000e-01   1.8000000e-01   0.0000000e+00
   2.3438779e+04   3.5764360e+05   0.0000000e+00   4.1256704e+00   1.9058117e+00   0.0000000e+00   3.8000000e-01   3.8000000e-01   0.0000000e+00
   4.8808959e+03  -2.8920682e+05  -0.0000000e+00   4.4849658e+00   3.1149377e+00   0.0000000e+00   7.0000000e-01   8.3000000e-01   0.0000000e+00
   5.9177382e+04   5.9935761e+04   0.0000000e+00   3.9243213e+00   9.7686840e-01   0.0000000e+00   2.4000000e-01   2.6000000e-01   0.0000000e+00
   2.3558152e+04   3.5762136e+05   0.0000000e+00   4.1257697e+00   1.9058386e+00   0.0000000e+00   3.8000000e-01   3.8000000e-01   0.0000000e+00
   5.6896401e+04   2.0452539e+05   0.0000000e+00   3.7019463e+00   1.7170137e+00   0.0000000e+00   3.4000000e-01   3.3000000e-01   0.0000000e+00
   5.6896401e+04   2.0452539e+05   0.0000000e+00   3.7019463e+00   1.7170137e+00   0.0000000e+00   3.4000000e-01   3.3000000e-01   0.0000000e+00
   5.6896401e+04   2.0452539e+05   0.0000000e+00   3.7019463e+00   1.7170137e+00   0.0000000e+00   3.4000000e-01   3.3000000e-01   0.0000000e+00
  -9.5927737e+04  -2.0849123e+05  -0.0000000e+00   6.3753635e+00   5.1943843e+00   0.0000000e+00   2.8000000e-01   3.0000000e-01   0.0000000e+00
   2.0910735e+05   2.1994448e+05   0.0000000e+00   2.4999337e+00   3.5919728e-01   0.0000000e+00   7.8000000e-01   8.3000000e-01   0.0000000e+00
   8.5642512e+04  -1.6331884e+05  -0.0000000e+00   3.8000455e+00   1.9434191e+00   0.0000000e+00   5.8000000e-01   6.7000000e-01   0.0000000e+00
  -2.5679579e+04  -1.1265434e+05  -0.0000000e+00   5.6532316e+00   4.6185057e+00   0.0000000e+00   5.8000000e-01   6.7000000e-01   0.0000000e+00
   6.2700120e+03   1.4263054e+05   0.0000000e+00   5.0821792e+00   2.4871783e+00   0.0000000e+00   7.4000000e-01   8.0000000e-01   0.0000000e+00
   6.1393553e+04  -9.7920868e+04  -0.0000000e+00   5.3792899e+00   1.9317059e+00   0.0000000e+00   9.2000000e-01   1.0000000e+00   0.0000000e+00
  -4.7879523e+04  -6.9252933e+04  -0.0000000e+00   6.6727485e+00   3.7332701e+00   0.0000000e+00   2.5000000e-01   2.5000000e-01   0.0000000e+00
   3.9430569e+04   6.7893547e+04   0.0000000e+00   6.0954700e+00   2.0661266e+00   0.0000000e+00   3.2000000e-01   3.2000000e-01   0.0000000e+00
   3.9430569e+04   6.7893547e+04   0.0000000e+00   6.0954700e+00   2.0661266e+00   0.0000000e+00   3.2000000e-01   3.2000000e-01   0.0000000e+00
   3.9430569e+04   6.7893547e+04   0.0000000e+00   6.0954700e+00   2.0661266e+00   0.0000000e+00   3.2000000e-01   3.2000000e-01   0.0000000e+00
   3.9430569e+04   6.7893547e+04   0.0000000e+00   6.0954700e+00   2.0661266e+00   0.0000000e+00   3.2000000e-01   3.2000000e-01   0.0000000e+00
   1.1321841e+05   7.8963483e+04   0.0000000e+00   2.8561666e+00   6.6814502e-01   0.0000000e+00   2.3000000e-01   2.4000000e-01   0.0000000e+00
   1.4276315e+05   6.8660433e+04   0.0000000e+00   3.2902383e+00   5.5360088e-01   0.0000000e+00   3.0000000e-01   3.5000000e-01   0.0000000e+00
   1.0430339e+05   3.6186900e+05   0.0000000e+00   1.9522015e-01   1.9421605e+00   0.0000000e+00   1.2000000e+00   1.6500000e+00   0.0000000e+00
   9.9821867e+04   3.6385939e+05   0.0000000e+00   1.8060412e+00   5.0482795e+00   0.0000000e+00   9.9000000e-01   1.0800000e+00   0.0000000e+00
  -3.1993763e+04  -1.9529314e+05  -0.0000000e+00   1.8188161e+00   5.7602947e+00   0.0000000e+00   5.8000000e-01   6.5000000e-01   0.0000000e+00
  -9.5722206e+04   5.1125508e+05   0.0000000e+00   3.2900000e+00   3.6600000e+00   0.0000000e+00   4.7000000e-01   5.0000000e-01   0.0000000e+00
   3.3987641e+04   3.2986786e+05   0.0000000e+00   9.2139950e+00   4.1332257e+00   0.0000000e+00   1.9100000e+00   2.3900000e+00   0.0000000e+00
   3.3987707e+04   3.2985674e+05   0.0000000e+00   9.2140655e+00   4.1331330e+00   0.0000000e+00   1.9100000e+00   2.3900000e+00   0.0000000e+00
  -1.9935429e+04  -2.0902448e+05  -0.0000000e+00   4.4215960e+00   3.3373971e+00   0.0000000e+00   2.1000000e-01   2.0000000e-01   0.0000000e+00
  -3.7147851e+04  -2.0821350e+05  -0.0000000e+00   4.0138288e+00   4.1379026e+00   0.0000000e+00   7.2000000e-01   7.9000000e-01   0.0000000e+00
  -1.6846982e+04   3.8079469e+05   0.0000000e+00   3.7817753e+00   2.9799119e+00   0.0000000e+00   7.4000000e-01   7.4000000e-01   0.0000000e+00
  -2.1148999e+04   1.8131411e+05   0.0000000e+00   5.4554952e+00   3.5559547e+00   0.0000000e+00   4.4000000e-01   5.1000000e-01   0.0000000e+00
  -2.5715196e+04   3.8831175e+05   0.0000000e+00   4.2720724e+00   1.9700035e+00   0.0000000e+00   6.3000000e-01   6.5000000e-01   0.0000000e+00
  -8.2287330e+03   3.5364061e+05   0.0000000e+00   4.0811503e+00   1.8913611e+00   0.0000000e+00   4.7000000e-01   5.2000000e-01   0.0000000e+00
   4.6211961e+04   2.8846227e+05   0.0000000e+00   3.1012697e+00   9.9680675e-01   0.0000000e+00   9.1000000e-01   1.1000000e+00   0.0000000e+00
   6.9159515e+04   3.0836419e+05   0.0000000e+00   2.9939535e+00   2.5830704e+00   0.0000000e+00   8.0000000e-01   7.9000000e-01   0.0000000e+00
   2.2208196e+05   2.7038730e+04   0.0000000e+00   3.1676959e+00  -5.3753664e-01  -0.0000000e+00   5.6000000e-01   6.6000000e-01   0.0000000e+00
  -2.3266677e+04  -6.7652823e+04  -0.0000000e+00   8.6990581e+00   2.9930439e+00   0.0000000e+00   7.1000000e-01   7.7000000e-01   0.0000000e+00
   1.8176934e+05   2.8443749e+05   0.0000000e+00   2.3195323e+00   8.1333049e-01   0.0000000e+00   6.8000000e-01   8.2000000e-01   0.0000000e+00
  -3.0663312e+04   3.2672121e+05   0.0000000e+00   5.1860610e+00   2.2785018e+00   0.0000000e+00   3.1000000e-01   3.2000000e-01   0.0000000e+00
  -7.0545719e+04   5.2840565e+05   0.0000000e+00   2.3900000e+00   2.7400000e+00   0.0000000e+00   4.1000000e-01   4.4000000e-01   0.0000000e+00
   1.3892718e+05   2.4805999e+05   0.0000000e+00   4.7027802e+00   2.2832544e+00   0.0000000e+00   4.2000000e-01   4.4000000e-01   0.0000000e+00
  -6.1056328e+04  -4.3095073e+04  -0.0000000e+00   8.6318484e+00   3.9561563e+00   0.0000000e+00   9.2000000e-01   1.1300000e+00   0.0000000e+00
  -2.9717289e+05   5.4178609e+05   0.0000000e+00   4.9500000e+00   4.4200000e+00   0.0000000e+00   2.2000000e-01   2.3000000e-01   0.0000000e+00
  -2.9717289e+05   5.4178609e+05   0.0000000e+00   4.9500000e+00   4.4200000e+00   0.0000000e+00   2.2000000e-01   2.3000000e-01   0.0000000e+00
   5.0607210e+04   1.4458689e+05   0.0000000e+00   3.3755486e+00   3.1429396e+00   0.0000000e+00   6.8000000e-01   7.6000000e-01   0.0000000e+00
   4.7288985e+04   2.6525900e+05   0.0000000e+00   3.8411210e+00   1.5724581e+00   0.0000000e+00   2.7000000e-01   2.7000000e-01   0.0000000e+00
   5.2513055e+04   3.3173450e+04   0.0000000e+00   5.3398128e+00   4.0511497e+00   0.0000000e+00   9.6000000e-01   1.2000000e+00   0.0000000e+00
  -1.3105155e+04  -1.0238761e+05  -0.0000000e+00   6.1835897e+00   2.2095137e+00   0.0000000e+00   5.6000000e-01   6.2000000e-01   0.0000000e+00
   1.4436341e+05  -8.1220289e+04  -0.0000000e+00   3.5795889e+00   1.2520366e+00   0.0000000e+00   8.6000000e-01   1.0700000e+00   0.0000000e+00
  -9.7533850e+04  -1.8448339e+05  -0.0000000e+00   8.4744468e+00   6.7119968e+00   0.0000000e+00   5.7000000e-01   7.0000000e-01   0.0000000e+00
   3.1119673e+04  -3.1750925e+05  -0.0000000e+00   1.5067897e+00   1.9992679e+00   0.0000000e+00   8.2000000e-01   9.3000000e-01   0.0000000e+00
   1.4339645e+05   1.8103620e+05   0.0000000e+00   2.5831769e+00   3.9703013e-03   0.0000000e+00   5.3000000e-01   5.6000000e-01   0.0000000e+00
  -2.7976929e+04  -2.8626321e+05  -0.0000000e+00   4.0583637e+00   4.5182256e+00   0.0000000e+00   5.6000000e-01   6.4000000e-01   0.0000000e+00
   2.8095326e+04  -1.5714155e+05  -0.0000000e+00   4.1683223e+00   3.6944528e+00   0.0000000e+00   8.1000000e-01   9.3000000e-01   0.0000000e+00
  -2.8718713e+04   2.2392438e+05   0.0000000e+00   5.6100700e+00   2.6447649e+00   0.0000000e+00   5.4000000e-01   6.5000000e-01   0.0000000e+00
  -2.8718713e+04   2.2392438e+05   0.0000000e+00   5.6100700e+00   2.6447649e+00   0.0000000e+00   5.4000000e-01   6.5000000e-01   0.0000000e+00
  -6.9202012e+04  -1.0905434e+05  -0.0000000e+00   7.7692012e+00   4.1276052e+00   0.0000000e+00   1.2400000e+00   1.2700000e+00   0.0000000e+00
  -1.0530503e+05  -3.2817232e+05  -0.0000000e+00   7.9854848e+00   7.2862372e+00   0.0000000e+00   4.6000000e-01   5.4000000e-01   0.0000000e+00
  -1.9449468e+05   5.4286499e+05   0.0000000e+00   1.7700000e+00   1.8600000e+00   0.0000000e+00   6.2000000e-01   6.6000000e-01   0.0000000e+00
   2.1981038e+05  -2.2226177e+01  -0.0000000e+00   2.4033939e+00   3.1239977e-02   0.0000000e+00   7.6000000e-01   8.1000000e-01   0.0000000e+00
  -1.6687260e+05   4.6600070e+05   0.0000000e+00   5.3800000e+00   4.1500000e+00   0.0000000e+00   4.4000000e-01   4.7000000e-01   0.0000000e+00
  -1.8405020e+05   4.4302441e+05   0.0000000e+00   7.6030428e+00   6.8385697e+00   0.0000000e+00   6.6000000e-01   7.5000000e-01   0.0000000e+00
  -1.0460437e+05   3.2644323e+05   0.0000000e+00   1.2203678e+01   7.2644809e+00   0.0000000e+00   4.7000000e-01   5.1000000e-01   0.0000000e+00
  -3.8489504e+04   1.7132062e+05   0.0000000e+00   5.9335275e+00   3.9756132e+00   0.0000000e+00   3.3000000e-01   3.8000000e-01   0.0000000e+00
   2.9191388e+04   4.3267090e+05   0.0000000e+00   2.5098376e+00   2.5288560e+00   0.0000000e+00   9.9000000e-01   1.2300000e+00   0.0000000e+00
  -7.4021562e+04   1.3391595e+05   0.0000000e+00   1.0869435e+01   4.6078457e+00   0.0000000e+00   2.5000000e-01   2.4000000e-01   0.0000000e+00
   2.8087225e+04  -1.5714155e+05  -0.0000000e+00   4.1683257e+00   3.6944008e+00   0.0000000e+00   8.1000000e-01   9.3000000e-01   0.0000000e+00
   6.2806428e+04   3.0208223e+05   0.0000000e+00  -1.4856520e-01   8.5628761e-01   0.0000000e+00   9.9000000e-01   1.3200000e+00   0.0000000e+00
   1.2790178e+05   4.0839475e+05   0.0000000e+00   1.5742861e+00   1.5399417e+00   0.0000000e+00   4.5000000e-01   5.3000000e-01   0.0000000e+00
   9.7560434e+04   4.2970166e+05   0.0000000e+00   4.2953929e-03   7.5554405e-01   0.0000000e+00   6.4000000e-01   7.6000000e-01   0.0000000e+00
   1.9916423e+05  -7.1886437e+04  -0.0000000e+00   3.1065235e+00   1.6056167e-01   0.0000000e+00   8.4000000e-01   9.5000000e-01   0.0000000e+00
  -5.9927919e+04   4.6721292e+05   0.0000000e+00   3.6000000e+00   3.1600000e+00   0.0000000e+00   4.2000000e-01   4.6000000e-01   0.0000000e+00
  -7.1161700e+04   1.1744304e+05   0.0000000e+00   1.0620202e+01   4.0843974e+00   0.0000000e+00   2.4000000e-01   2.5000000e-01   0.0000000e+00
  -1.7161484e+05   5.0609442e+05   0.0000000e+00   2.9400000e+00   1.7000000e+00   0.0000000e+00   7.1000000e-01   7.6000000e-01   0.0000000e+00
   1.6107462e+04   2.8329233e+05   0.0000000e+00   4.9308003e+00   2.2945924e+00   0.0000000e+00   4.0000000e-01   4.2000000e-01   0.0000000e+00
   1.6107462e+04   2.8329233e+05   0.0000000e+00   4.9308003e+00   2.2945924e+00   0.0000000e+00   4.0000000e-01   4.2000000e-01   0.0000000e+00
  -1.1785147e+05  -2.8657423e+05  -0.0000000e+00   9.7351211e+00   7.9235961e+00   0.0000000e+00   5.8000000e-01   5.9000000e-01   0.0000000e+00
   9.6887226e+03   1.1216335e+05   0.0000000e+00   3.6815728e+00   2.0480726e+00   0.0000000e+00   1.2000000e+00   1.4600000e+00   0.0000000e+00
   1.7028835e+05   9.3223540e+04   0.0000000e+00   3.0243816e+00   1.5143250e-01   0.0000000e+00   1.9000000e-01   1.8000000e-01   0.0000000e+00
   3.5324884e+04   8.6799250e+04   0.0000000e+00   5.4011609e+00   1.8995582e+00   0.0000000e+00   3.5000000e-01   3.9000000e-01   0.0000000e+00
  -8.9700640e+04   2.3500819e+05   0.0000000e+00   1.3672636e+01   9.3500814e+00   0.0000000e+00   4.5000000e-01   5.0000000e-01   0.0000000e+00
   1.0461402e+05   2.3758740e+05   0.0000000e+00   2.1052254e+00   6.8158703e-01   0.0000000e+00   4.9000000e-01   5.8000000e-01   0.0000000e+00
   1.0429329e+05   3.8753335e+05   0.0000000e+00   8.0437771e-01   6.3870020e-01   0.0000000e+00   4.6000000e-01   5.2000000e-01   0.0000000e+00
   1.0426635e+05   3.6185788e+05   0.0000000e+00   1.9527803e-01   1.9420196e+00   0.0000000e+00   1.2000000e+00   1.6500000e+00   0.0000000e+00
  -5.0136577e+04   1.4825507e+05   0.0000000e+00   7.6473670e+00   4.1103854e+00   0.0000000e+00   4.7000000e-01   5.2000000e-01   0.0000000e+00
   6.3000265e+04   4.3540661e+05   0.0000000e+00   1.8643182e+00   5.8854478e-01   0.0000000e+00   7.0000000e-01   8.8000000e-01   0.0000000e+00
  -8.4055313e+04   2.1149562e+05   0.0000000e+00   1.0522242e+01   7.2728118e+00   0.0000000e+00   4.0000000e-01   4.2000000e-01   0.0000000e+00
  -9.7004950e+04   2.5612023e+05   0.0000000e+00   1.4020251e+01   9.4502393e+00   0.0000000e+00   2.9000000e-01   3.1000000e-01   0.0000000e+00
  -1.2511156e+05   4.4418099e+05   0.0000000e+00   5.6308414e+00   4.9041504e+00   0.0000000e+00   4.5000000e-01   4.9000000e-01   0.0000000e+00
   7.7033339e+04   3.4249911e+05   0.0000000e+00   1.0212206e+00  -1.2595942e+00  -0.0000000e+00   1.8100000e+00   2.3400000e+00   0.0000000e+00
  -5.0429363e+04   9.1572522e+03   0.0000000e+00   7.0511518e+00   2.9027213e+00   0.0000000e+00   4.2000000e-01   4.3000000e-01   0.0000000e+00
   1.3917180e+05   2.4831570e+05   0.0000000e+00   4.7002349e+00   2.2858489e+00   0.0000000e+00   4.2000000e-01   4.4000000e-01   0.0000000e+00
   3.9672486e+04  -3.8272884e+05  -0.0000000e+00   1.8000998e+00   1.2406325e+00   0.0000000e+00   6.9000000e-01   8.1000000e-01   0.0000000e+00
   9.0586094e+04   3.9336024e+05   0.0000000e+00   2.8440517e+00   1.7638961e+00   0.0000000e+00   7.7000000e-01   9.8000000e-01   0.0000000e+00
  -5.4617945e+03   6.8060261e+04   0.0000000e+00   6.2350424e+00   2.3279738e+00   0.0000000e+00   4.8000000e-01   4.9000000e-01   0.0000000e+00
   1.3045860e+05   8.6977084e+04   0.0000000e+00   4.2123030e+00   2.5421995e-01   0.0000000e+00   2.5000000e-01   2.4000000e-01   0.0000000e+00
   2.1735228e+05   8.2764651e+04   0.0000000e+00   4.2668393e+00  -7.4604848e-01  -0.0000000e+00   1.0800000e+00   1.3600000e+00   0.0000000e+00
   3.5253482e+04   3.4454504e+05   0.0000000e+00   1.4352793e+00   1.1483692e+00   0.0000000e+00   9.1000000e-01   9.3000000e-01   0.0000000e+00
   6.2283971e+04   2.7619901e+05   0.0000000e+00   1.6104835e+00   1.1331405e+00   0.0000000e+00   7.4000000e-01   7.7000000e-01   0.0000000e+00
  -8.4814696e+04  -4.4272978e+04  -0.0000000e+00   1.0193065e+01   4.2415098e+00   0.0000000e+00   2.6000000e-01   2.8000000e-01   0.0000000e+00
  -1.4358535e+05   4.5238831e+05   0.0000000e+00   4.9600000e+00   4.4000000e+00   0.0000000e+00   4.4000000e-01   4.7000000e-01   0.0000000e+00
  -4.4377679e+04   9.8347459e+04   0.0000000e+00   7.9570682e+00   3.2983195e+00   0.0000000e+00   4.1000000e-01   4.2000000e-01   0.0000000e+00
  -8.3151708e+04   1.4453131e+05   0.0000000e+00   1.1057757e+01   6.1037495e+00   0.0000000e+00   6.5000000e-01   6.7000000e-01   0.0000000e+00
   1.5488285e+04   9.5235312e+04   0.0000000e+00   5.2694907e+00   2.8875294e+00   0.0000000e+00   5.6000000e-01   5.9000000e-01   0.0000000e+00
   9.5167890e+03  -1.1113079e+03  -0.0000000e+00   6.5154424e+00   3.1867366e+00   0.0000000e+00   5.1000000e-01   5.4000000e-01   0.0000000e+00
   1.4925959e+04   1.9937199e+04   0.0000000e+00   6.5815802e+00   3.3225924e+00   0.0000000e+00   9.3000000e-01   1.1200000e+00   0.0000000e+00
  -3.9611018e+04   3.3240298e+05   0.0000000e+00   5.6210591e+00   3.3125428e+00   0.0000000e+00   3.9000000e-01   4.0000000e-01   0.0000000e+00
  -3.9611018e+04   3.3240298e+05   0.0000000e+00   5.6210591e+00   3.3125428e+00   0.0000000e+00   3.9000000e-01   4.0000000e-01   0.0000000e+00
   1.2176661e+05   2.6549247e+05   0.0000000e+00   1.6724671e+00   2.7925818e-01   0.0000000e+00   1.8900000e+00   2.0300000e+00   0.0000000e+00
   8.0194743e+03   3.8034989e+05   0.0000000e+00   3.8710902e+00   2.4192799e+00   0.0000000e+00   3.4000000e-01   3.6000000e-01   0.0000000e+00
   8.5617994e+03   3.8017198e+05   0.0000000e+00   3.8717845e+00   2.4184349e+00   0.0000000e+00   3.4000000e-01   3.6000000e-01   0.0000000e+00
  -5.6542640e+04  -3.2169675e+05  -0.0000000e+00   4.4950386e+00   4.6504100e+00   0.0000000e+00   4.0000000e-01   4.3000000e-01   0.0000000e+00
   1.3803489e+04  -2.2770304e+04  -0.0000000e+00   6.1492129e+00   2.5245894e+00   0.0000000e+00   4.8000000e-01   5.3000000e-01   0.0000000e+00
   1.8905619e+05   2.2364645e+05   0.0000000e+00   1.6934951e+00  -5.4343325e-01  -0.0000000e+00   6.0000000e-01   6.5000000e-01   0.0000000e+00
  -7.4686603e+04   3.0372810e+04   0.0000000e+00   9.9418662e+00   4.8017598e+00   0.0000000e+00   5.7000000e-01   5.7000000e-01   0.0000000e+00
   2.2986726e+03  -1.3724514e+04  -0.0000000e+00   6.4794713e+00   3.3392993e+00   0.0000000e+00   7.4000000e-01   9.3000000e-01   0.0000000e+00
   1.4254326e+04   3.3955253e+05   0.0000000e+00   4.0776064e+00   2.5708405e+00   0.0000000e+00   5.3000000e-01   5.9000000e-01   0.0000000e+00
  -8.9754873e+04  -2.4276275e+05  -0.0000000e+00   5.9172481e+00   4.5064236e+00   0.0000000e+00   5.1000000e-01   5.4000000e-01   0.0000000e+00
  -8.9763076e+04  -2.4276275e+05  -0.0000000e+00   5.9172523e+00   4.5063718e+00   0.0000000e+00   5.1000000e-01   5.4000000e-01   0.0000000e+00
  -4.7537343e+04   6.0647068e+04   0.0000000e+00   7.0697216e+00   1.4991706e+00   0.0000000e+00   1.6300000e+00   2.0900000e+00   0.0000000e+00
  -1.3976318e+05   4.9085740e+05   0.0000000e+00   3.9500000e+00   3.7300000e+00   0.0000000e+00   5.4000000e-01   5.8000000e-01   0.0000000e+00
  -8.1867370e+04   3.8516480e+05   0.0000000e+00   6.1905901e+00   2.8798206e+00   0.0000000e+00   7.1000000e-01   7.7000000e-01   0.0000000e+00
   1.0178444e+04  -2.9747109e+05  -0.0000000e+00   3.0618953e+00   3.7181916e+00   0.0000000e+00   4.2000000e-01   5.1000000e-01   0.0000000e+00
   6.9697998e+04   3.9203695e+05   0.0000000e+00   2.6601852e+00   3.0128154e-01   0.0000000e+00   1.2700000e+00   1.4900000e+00   0.0000000e+00
  -2.9777697e+04   1.3366029e+05   0.0000000e+00   6.9906814e+00   3.4516532e+00   0.0000000e+00   2.8000000e-01   2.7000000e-01   0.0000000e+00
   2.2127202e+05   8.3331494e+04   0.0000000e+00   3.9817733e+00   9.5028545e-01   0.0000000e+00   9.3000000e-01   1.0100000e+00   0.0000000e+00
  -2.5133597e+04   1.7264344e+05   0.0000000e+00   5.7501762e+00   2.7720612e+00   0.0000000e+00   3.4000000e-01   4.1000000e-01   0.0000000e+00
   8.0567914e+03   1.2427891e+05   0.0000000e+00   5.3342518e+00   2.5549093e+00   0.0000000e+00   2.2000000e-01   2.2000000e-01   0.0000000e+00
   8.0723147e+03   1.2426780e+05   0.0000000e+00   5.3344143e+00   2.5549104e+00   0.0000000e+00   2.2000000e-01   2.2000000e-01   0.0000000e+00
  -7.4094902e+04   1.2783582e+05   0.0000000e+00   1.0701259e+01   4.9238097e+00   0.0000000e+00   3.3000000e-01   3.9000000e-01   0.0000000e+00
   2.6479757e+04   3.0398349e+05   0.0000000e+00   4.2443502e+00   2.6151788e+00   0.0000000e+00   6.1000000e-01   7.7000000e-01   0.0000000e+00
  -5.5829337e+04   1.2101102e+05   0.0000000e+00   8.8662697e+00   3.3109677e+00   0.0000000e+00   2.9000000e-01   3.1000000e-01   0.0000000e+00
   1.5450860e+04   2.8314779e+05   0.0000000e+00   4.6721706e+00   1.8511442e+00   0.0000000e+00   2.4000000e-01   2.3000000e-01   0.0000000e+00
   2.2128179e+05   2.9527778e+05   0.0000000e+00   5.3882396e-01   4.2416645e-01   0.0000000e+00   4.6000000e-01   5.2000000e-01   0.0000000e+00
  -3.3317926e+04   3.4716918e+05   0.0000000e+00   4.9909306e+00   2.4907775e+00   0.0000000e+00   5.7000000e-01   7.9000000e-01   0.0000000e+00
   3.5381922e+03  -4.8228945e+04  -0.0000000e+00   6.3968876e+00   2.1373003e+00   0.0000000e+00   4.8000000e-01   5.9000000e-01   0.0000000e+00
   7.1493957e+04   5.9202228e+04   0.0000000e+00   4.3845482e+00   3.7385948e+00   0.0000000e+00   8.4000000e-01   8.8000000e-01   0.0000000e+00
  -6.0970405e+04   4.0154466e+05   0.0000000e+00   4.7767276e+00   2.4147401e+00   0.0000000e+00   6.7000000e-01   7.0000000e-01   0.0000000e+00
  -1.9210547e+04  -1.4382016e+05  -0.0000000e+00   5.3837631e+00   2.8508243e+00   0.0000000e+00   6.4000000e-01   7.8000000e-01   0.0000000e+00
   2.8889323e+04   2.3277362e+05   0.0000000e+00   3.4257537e+00   3.9794039e+00   0.0000000e+00   1.2000000e+00   1.2700000e+00   0.0000000e+00
   2.8889323e+04   2.3277362e+05   0.0000000e+00   3.4257537e+00   3.9794039e+00   0.0000000e+00   1.2000000e+00   1.2700000e+00   0.0000000e+00
   1.8777848e+05   2.2233464e+05   0.0000000e+00   1.6479136e+00  -2.1623192e-01  -0.0000000e+00   2.2000000e-01   2.1000000e-01   0.0000000e+00
   1.8777848e+05   2.2233464e+05   0.0000000e+00   1.6479136e+00  -2.1623192e-01  -0.0000000e+00   2.2000000e-01   2.1000000e-01   0.0000000e+00
   4.9078194e+04   3.8073909e+05   0.0000000e+00  -3.7144400e+00   1.8178324e+00   0.0000000e+00   3.1700000e+00   3.2000000e+00   0.0000000e+00
  -5.0028457e+04   3.5020474e+05   0.0000000e+00   5.4665400e+00   2.8873925e+00   0.0000000e+00   3.2000000e-01   3.1000000e-01   0.0000000e+00
   2.3160451e+05  -2.6951211e+05  -0.0000000e+00   1.6801723e+00   1.8785524e+00   0.0000000e+00   8.6000000e-01   8.6000000e-01   0.0000000e+00
   8.7615946e+04   3.2729939e+05   0.0000000e+00   2.7419812e+00   1.1527669e+00   0.0000000e+00   2.2000000e-01   2.2000000e-01   0.0000000e+00
   8.7615946e+04   3.2729939e+05   0.0000000e+00   2.7419812e+00   1.1527669e+00   0.0000000e+00   2.2000000e-01   2.2000000e-01   0.0000000e+00
  -5.0028555e+04   3.5019362e+05   0.0000000e+00   5.4666023e+00   2.8872804e+00   0.0000000e+00   3.2000000e-01   3.1000000e-01   0.0000000e+00
   1.8366154e+04   2.4662584e+05   0.0000000e+00   4.7867266e+00   2.3740066e+00   0.0000000e+00   3.4000000e-01   3.3000000e-01   0.0000000e+00
  -8.4794803e+04   2.3523054e+05   0.0000000e+00   1.4358404e+01   3.2434600e+00   0.0000000e+00   1.3500000e+00   1.7400000e+00   0.0000000e+00
   1.6531257e+04  -1.1978762e+05  -0.0000000e+00   6.6750960e+00   2.2908554e+00   0.0000000e+00   9.7000000e-01   1.0400000e+00   0.0000000e+00
   9.8675023e+04   2.9959170e+05   0.0000000e+00   2.5337047e+00   9.8474647e-01   0.0000000e+00   3.1000000e-01   3.0000000e-01   0.0000000e+00
  -6.1661741e+04   3.5124995e+05   0.0000000e+00   6.8726421e+00   4.6952667e+00   0.0000000e+00   9.9000000e-01   1.1000000e+00   0.0000000e+00
   8.7771284e+04   7.5162338e+04   0.0000000e+00   3.2931108e+00   6.9818280e-01   0.0000000e+00   2.4000000e-01   2.5000000e-01   0.0000000e+00
  -7.3195775e+04  -3.9316871e+04  -0.0000000e+00   9.1311974e+00   4.7267987e+00   0.0000000e+00   5.1000000e-01   6.2000000e-01   0.0000000e+00
  -1.0954471e+05  -3.1294407e+05  -0.0000000e+00   8.4389911e+00   9.2583070e+00   0.0000000e+00   5.7000000e-01   6.3000000e-01   0.0000000e+00
  -1.2635798e+05   4.8516307e+05   0.0000000e+00   3.7200000e+00   3.6400000e+00   0.0000000e+00   5.1000000e-01   5.5000000e-01   0.0000000e+00
   2.7496978e+04   3.6328118e+05   0.0000000e+00   2.8767564e+00   4.0096764e-01   0.0000000e+00   5.5000000e-01   5.8000000e-01   0.0000000e+00
   1.9376234e+05   3.9691867e+05   0.0000000e+00   7.6650578e-01   1.8933128e+00   0.0000000e+00   3.9000000e-01   4.3000000e-01   0.0000000e+00
  -1.0303461e+04   2.1170793e+04   0.0000000e+00   6.2445974e+00   3.4163414e+00   0.0000000e+00   8.4000000e-01   8.8000000e-01   0.0000000e+00
   3.5055067e+03  -2.9116225e+03  -0.0000000e+00   6.0511736e+00   2.7272483e+00   0.0000000e+00   5.1000000e-01   5.2000000e-01   0.0000000e+00
   1.4681254e+05  -2.8684082e+05  -0.0000000e+00   2.2366543e+00   1.7494308e+00   0.0000000e+00   2.5000000e-01   2.4000000e-01   0.0000000e+00
   9.0657675e+04   2.8005696e+05   0.0000000e+00   2.0515625e+00   1.6796501e+00   0.0000000e+00   8.7000000e-01   1.1000000e+00   0.0000000e+00
   4.1306085e+04  -2.7582078e+04  -0.0000000e+00   6.1317426e+00   2.5144979e+00   0.0000000e+00   4.8000000e-01   5.7000000e-01   0.0000000e+00
   5.6131533e+04   1.7234331e+05   0.0000000e+00   4.1923363e+00   2.1573861e+00   0.0000000e+00   3.5000000e-01   3.8000000e-01   0.0000000e+00
   7.8470843e+04  -1.0394319e+05  -0.0000000e+00   1.0659686e+00   3.4118943e+00   0.0000000e+00   1.4800000e+00   1.9400000e+00   0.0000000e+00
   8.6703798e+04   2.1490850e+05   0.0000000e+00   3.2337414e+00   2.0791852e+00   0.0000000e+00   7.2000000e-01   8.2000000e-01   0.0000000e+00
   4.9780504e+04   1.3218194e+05   0.0000000e+00   3.7170277e+00   2.1275676e+00   0.0000000e+00   4.4000000e-01   4.3000000e-01   0.0000000e+00
  -4.4058184e+04  -5.5062929e+04  -0.0000000e+00   8.5389698e+00   3.2474534e+00   0.0000000e+00   5.9000000e-01   6.1000000e-01   0.0000000e+00
  -6.6259299e+04  -2.4826147e+04  -0.0000000e+00   8.3835017e+00   4.0210388e+00   0.0000000e+00   4.2000000e-01   4.4000000e-01   0.0000000e+00
   1.1330117e+05   1.1115188e+05   0.0000000e+00   3.8639635e+00   1.2926981e+00   0.0000000e+00   3.0000000e-01   3.0000000e-01   0.0000000e+00
   8.1147518e+04   2.3807656e+05   0.0000000e+00   1.7860343e+00   9.9556960e-01   0.0000000e+00   3.3000000e-01   3.5000000e-01   0.0000000e+00
  -6.1328178e+04   1.0082607e+05   0.0000000e+00   7.0884440e+00   3.6352107e+00   0.0000000e+00   1.1100000e+00   1.1600000e+00   0.0000000e+00
  -3.1468789e+04  -2.6431340e+05  -0.0000000e+00   3.2228798e+00   4.3756419e+00   0.0000000e+00   9.4000000e-01   9.9000000e-01   0.0000000e+00
   1.7648047e+05   1.9207479e+05   0.0000000e+00   4.2180518e+00   1.0833019e+00   0.0000000e+00   1.5600000e+00   1.5500000e+00   0.0000000e+00
  -7.9284741e+04   4.7746691e+05   0.0000000e+00   4.0800000e+00   3.5700000e+00   0.0000000e+00   1.8000000e-01   1.8000000e-01   0.0000000e+00
  -7.9284741e+04   4.7746691e+05   0.0000000e+00   4.0800000e+00   3.5700000e+00   0.0000000e+00   1.8000000e-01   1.8000000e-01   0.0000000e+00
  -7.9284741e+04   4.7746691e+05   0.0000000e+00   4.0800000e+00   3.5700000e+00   0.0000000e+00   1.8000000e-01   1.8000000e-01   0.0000000e+00
  -1.1882863e+05   3.7464544e+05   0.0000000e+00   8.3116850e+00   5.8727907e+00   0.0000000e+00   5.8000000e-01   5.6000000e-01   0.0000000e+00
  -1.1883606e+05   3.7464544e+05   0.0000000e+00   8.3116860e+00   5.8727798e+00   0.0000000e+00   5.8000000e-01   5.6000000e-01   0.0000000e+00
  -1.4389998e+05   5.5023939e+05   0.0000000e+00   1.9700000e+00   2.7000000e+00   0.0000000e+00   5.9000000e-01   6.4000000e-01   0.0000000e+00
  -1.2087322e+05   3.6689504e+05   0.0000000e+00   9.4995201e+00   6.3904021e+00   0.0000000e+00   2.1000000e-01   2.0000000e-01   0.0000000e+00
  -1.2093888e+05   3.6660593e+05   0.0000000e+00   9.5009810e+00   6.3869614e+00   0.0000000e+00   2.1000000e-01   2.0000000e-01   0.0000000e+00
   2.1965308e+04   5.2155902e+04   0.0000000e+00   5.9365607e+00   2.8797309e+00   0.0000000e+00   1.0000000e+00   1.3000000e+00   0.0000000e+00
  -7.6241388e+04   1.4925056e+04   0.0000000e+00   9.8636159e+00   4.4427369e+00   0.0000000e+00   1.9000000e-01   2.0000000e-01   0.0000000e+00
  -1.8065054e+04  -8.3347610e+03  -0.0000000e+00   6.8204467e+00   3.3157576e+00   0.0000000e+00   5.6000000e-01   6.0000000e-01   0.0000000e+00
  -8.4591873e+04  -4.6117617e+04  -0.0000000e+00   1.0156172e+01   5.2031169e+00   0.0000000e+00   2.1000000e-01   2.0000000e-01   0.0000000e+00
  -8.3167165e+04   1.4453131e+05   0.0000000e+00   1.1057765e+01   6.1036562e+00   0.0000000e+00   6.5000000e-01   6.7000000e-01   0.0000000e+00
  -3.4510243e+04   1.2227816e+05   0.0000000e+00   6.6755860e+00   2.9816404e+00   0.0000000e+00   7.6000000e-01   1.0300000e+00   0.0000000e+00
   4.2831247e+04   3.7421177e+05   0.0000000e+00   2.7440530e+00   2.1662314e+00   0.0000000e+00   9.9000000e-01   1.0100000e+00   0.0000000e+00
  -8.4257138e+04  -4.6717679e+04  -0.0000000e+00   1.0160292e+01   5.2053463e+00   0.0000000e+00   2.1000000e-01   2.0000000e-01   0.0000000e+00
  -2.6222989e+05   5.1056550e+05   0.0000000e+00   7.1000000e+00   6.0700000e+00   0.0000000e+00   3.1000000e-01   2.7000000e-01   0.0000000e+00
  -2.6222989e+05   5.1056550e+05   0.0000000e+00   7.1000000e+00   6.0700000e+00   0.0000000e+00   3.1000000e-01   2.7000000e-01   0.0000000e+00
   5.6481046e+04   2.9849098e+05   0.0000000e+00   3.0399296e+00   1.9192254e+00   0.0000000e+00   3.3000000e-01   3.3000000e-01   0.0000000e+00
  -2.5595560e+04  -4.6084280e+04  -0.0000000e+00   6.7553110e+00   3.3673635e+00   0.0000000e+00   6.7000000e-01   7.0000000e-01   0.0000000e+00
   4.0516287e+04  -1.3869819e+05  -0.0000000e+00   4.7107227e+00   2.0548787e+00   0.0000000e+00   4.2000000e-01   4.8000000e-01   0.0000000e+00
  -7.8840505e+03  -1.0378763e+05  -0.0000000e+00   7.2012077e+00   1.4032739e+00   0.0000000e+00   1.1500000e+00   1.1500000e+00   0.0000000e+00
   1.7379005e+05   2.1688731e+05   0.0000000e+00   1.7904118e+00   2.9406595e-02   0.0000000e+00   3.6000000e-01   3.5000000e-01   0.0000000e+00
   2.0218216e+05   2.7566534e+05   0.0000000e+00   2.2496967e+00  -1.1263101e-01  -0.0000000e+00   7.9000000e-01   9.1000000e-01   0.0000000e+00
  -9.2368214e+04   4.7002664e+05   0.0000000e+00   3.6300000e+00   3.6400000e+00   0.0000000e+00   4.2000000e-01   4.4000000e-01   0.0000000e+00
   7.0543898e+03   2.1862156e+05   0.0000000e+00   4.9865776e+00   2.5287488e+00   0.0000000e+00   3.8000000e-01   3.7000000e-01   0.0000000e+00
   7.0543898e+03   2.1862156e+05   0.0000000e+00   4.9865776e+00   2.5287488e+00   0.0000000e+00   3.8000000e-01   3.7000000e-01   0.0000000e+00
  -1.8955359e+04  -2.5647083e+05  -0.0000000e+00   5.8210214e+00   3.2444593e+00   0.0000000e+00   1.7800000e+00   2.1300000e+00   0.0000000e+00
  -7.0558221e+04   2.1921076e+05   0.0000000e+00   9.9183262e+00   5.0272514e+00   0.0000000e+00   5.7000000e-01   6.0000000e-01   0.0000000e+00
   2.5672176e+04   2.7190748e+05   0.0000000e+00   3.5866723e+00   1.5993564e+00   0.0000000e+00   9.6000000e-01   1.1900000e+00   0.0000000e+00
   2.5717086e+04   2.7201866e+05   0.0000000e+00   3.5856757e+00   1.6004643e+00   0.0000000e+00   9.6000000e-01   1.1900000e+00   0.0000000e+00
   2.5732364e+04   2.7198530e+05   0.0000000e+00   3.5859674e+00   1.6002342e+00   0.0000000e+00   9.6000000e-01   1.1900000e+00   0.0000000e+00
   6.4698373e+04   2.9302076e+05   0.0000000e+00   2.0509049e+00   2.8117727e+00   0.0000000e+00   1.0100000e+00   1.1900000e+00   0.0000000e+00
  -1.7319645e+05   5.3624702e+05   0.0000000e+00   3.2100000e+00   1.6600000e+00   0.0000000e+00   6.3000000e-01   6.7000000e-01   0.0000000e+00
  -8.2980107e+04  -2.2584385e+05  -0.0000000e+00   5.4127374e+00   5.5179516e+00   0.0000000e+00   6.2000000e-01   6.2000000e-01   0.0000000e+00
   1.5586993e+05  -2.0973548e+05  -0.0000000e+00   1.5703471e+00   1.6376209e+00   0.0000000e+00   4.0000000e-01   3.9000000e-01   0.0000000e+00
   1.6264609e+05  -8.5903586e+03  -0.0000000e+00   2.7908213e+00   5.5290794e-01   0.0000000e+00   2.8000000e-01   3.0000000e-01   0.0000000e+00
   1.5814237e+05   2.0495895e+05   0.0000000e+00   2.1791947e+00   5.7559542e-01   0.0000000e+00   3.3000000e-01   3.2000000e-01   0.0000000e+00
  -3.0007596e+04  -3.5472923e+05  -0.0000000e+00   2.3988590e+00   4.5172710e+00   0.0000000e+00   4.0000000e-01   3.9000000e-01   0.0000000e+00
  -5.6887708e+04  -3.2230765e+05  -0.0000000e+00   2.9295684e+00   4.5482828e+00   0.0000000e+00   4.3000000e-01   4.2000000e-01   0.0000000e+00
  -5.2319838e+04  -3.0271395e+05  -0.0000000e+00   2.7573444e+00   4.1559385e+00   0.0000000e+00   4.2000000e-01   4.1000000e-01   0.0000000e+00
  -9.0876714e+04  -3.8227348e+05  -0.0000000e+00   4.8841923e+00   5.7105709e+00   0.0000000e+00   3.2000000e-01   3.2000000e-01   0.0000000e+00
  -1.0153264e+05  -3.1007832e+05  -0.0000000e+00   5.9743622e+00   5.7181588e+00   0.0000000e+00   6.6000000e-01   6.6000000e-01   0.0000000e+00
  -8.6402822e+04  -2.3776378e+05  -0.0000000e+00   5.1497650e+00   5.5972127e+00   0.0000000e+00   5.4000000e-01   5.4000000e-01   0.0000000e+00
  -1.1509717e+05  -2.1219065e+05  -0.0000000e+00   8.4221439e+00   7.3730763e+00   0.0000000e+00   7.4000000e-01   7.4000000e-01   0.0000000e+00
  -1.0186511e+05  -1.7828409e+05  -0.0000000e+00   6.9824168e+00   6.1238033e+00   0.0000000e+00   6.5000000e-01   6.5000000e-01   0.0000000e+00
  -7.9321387e+04  -1.5397511e+05  -0.0000000e+00   7.0063787e+00   5.7557885e+00   0.0000000e+00   9.7000000e-01   9.7000000e-01   0.0000000e+00
  -8.4567542e+04  -4.6084280e+04  -0.0000000e+00   1.0155920e+01   5.2032725e+00   0.0000000e+00   2.1000000e-01   2.0000000e-01   0.0000000e+00
  -3.1610282e+04  -2.7737674e+05  -0.0000000e+00   2.2364371e+00   4.3151227e+00   0.0000000e+00   4.2000000e-01   4.1000000e-01   0.0000000e+00
  -3.5050270e+04  -2.0665818e+05  -0.0000000e+00   4.0516915e+00   4.0311912e+00   0.0000000e+00   3.9000000e-01   3.9000000e-01   0.0000000e+00
   2.8469294e+04  -3.1208879e+05  -0.0000000e+00   1.8990424e+00   3.2027894e+00   0.0000000e+00   4.0000000e-01   3.9000000e-01   0.0000000e+00
  -4.7078806e+03  -1.8186147e+05  -0.0000000e+00   3.8899583e+00   3.4941552e+00   0.0000000e+00   5.6000000e-01   5.5000000e-01   0.0000000e+00
  -2.6985273e+04  -1.5306406e+05  -0.0000000e+00   5.0137262e+00   3.3811331e+00   0.0000000e+00   3.3000000e-01   3.2000000e-01   0.0000000e+00
  -2.6985273e+04  -1.5306406e+05  -0.0000000e+00   5.0137262e+00   3.3811331e+00   0.0000000e+00   3.3000000e-01   3.2000000e-01   0.0000000e+00
  -4.7211892e+04  -6.8686228e+04  -0.0000000e+00   6.6683429e+00   3.7375773e+00   0.0000000e+00   2.5000000e-01   2.5000000e-01   0.0000000e+00
  -3.3955206e+04  -3.4527413e+04  -0.0000000e+00   6.7964506e+00   3.2924890e+00   0.0000000e+00   8.4000000e-01   8.3000000e-01   0.0000000e+00
  -3.3955206e+04  -3.4527413e+04  -0.0000000e+00   6.7964506e+00   3.2924890e+00   0.0000000e+00   8.4000000e-01   8.3000000e-01   0.0000000e+00
  -8.0996855e+03  -6.5344620e+03  -0.0000000e+00   5.8726969e+00   3.0510923e+00   0.0000000e+00   3.3000000e-01   3.3000000e-01   0.0000000e+00
   9.0756082e+03  -1.0533209e+05  -0.0000000e+00   5.0845839e+00   2.5028915e+00   0.0000000e+00   4.2000000e-01   4.1000000e-01   0.0000000e+00
   5.5094296e+03  -5.1673727e+04  -0.0000000e+00   5.3907369e+00   2.8101334e+00   0.0000000e+00   3.7000000e-01   3.6000000e-01   0.0000000e+00
   3.3748353e+04  -5.5951898e+04  -0.0000000e+00   4.6889745e+00   2.5940653e+00   0.0000000e+00   5.6000000e-01   5.6000000e-01   0.0000000e+00
   1.0099655e+05  -3.0445786e+05  -0.0000000e+00   1.0275674e+00   1.9788251e+00   0.0000000e+00   3.7000000e-01   3.6000000e-01   0.0000000e+00
   1.0034580e+05  -2.0254768e+05  -0.0000000e+00   2.5065775e+00   2.1240823e+00   0.0000000e+00   4.9000000e-01   4.9000000e-01   0.0000000e+00
   6.2617939e+04  -7.3097624e+04  -0.0000000e+00   5.2303268e+00   1.4311730e+00   0.0000000e+00   4.4000000e-01   4.4000000e-01   0.0000000e+00
   6.2617939e+04  -7.3097624e+04  -0.0000000e+00   5.2303268e+00   1.4311730e+00   0.0000000e+00   4.4000000e-01   4.4000000e-01   0.0000000e+00
   4.1020450e+04  -1.7658449e+04  -0.0000000e+00   5.1604824e+00   2.3730420e+00   0.0000000e+00   4.5000000e-01   4.6000000e-01   0.0000000e+00
   8.4194149e+04  -6.2808022e+04  -0.0000000e+00   4.1079494e+00   1.1223783e+00   0.0000000e+00   2.7000000e-01   2.8000000e-01   0.0000000e+00
   1.1411278e+05  -7.8142355e+04  -0.0000000e+00   4.7874567e+00   1.1356491e+00   0.0000000e+00   3.8000000e-01   3.8000000e-01   0.0000000e+00
   1.1411278e+05  -7.8142355e+04  -0.0000000e+00   4.7874567e+00   1.1356491e+00   0.0000000e+00   3.8000000e-01   3.8000000e-01   0.0000000e+00
   2.1629532e+05  -2.8123126e+05  -0.0000000e+00   5.9783474e-01   1.3492741e+00   0.0000000e+00   3.7000000e-01   3.6000000e-01   0.0000000e+00
   1.9340209e+05  -1.3200955e+05  -0.0000000e+00   2.2709042e+00   8.6156136e-01   0.0000000e+00   4.0000000e-01   3.9000000e-01   0.0000000e+00
  -6.7796503e+04   2.4782237e+03   0.0000000e+00   8.5683503e+00   5.5391093e+00   0.0000000e+00   6.2000000e-01   6.2000000e-01   0.0000000e+00
  -6.4735378e+04   3.4395956e+04   0.0000000e+00   8.9475271e+00   5.1070556e+00   0.0000000e+00   5.5000000e-01   5.5000000e-01   0.0000000e+00
  -6.4735378e+04   3.4395956e+04   0.0000000e+00   8.9475271e+00   5.1070556e+00   0.0000000e+00   5.5000000e-01   5.5000000e-01   0.0000000e+00
  -6.9992675e+04   2.1405250e+05   0.0000000e+00   1.0456881e+01   5.7961273e+00   0.0000000e+00   2.0400000e+00   2.0400000e+00   0.0000000e+00
  -4.6391378e+04   2.7053997e+05   0.0000000e+00   6.7085613e+00   3.8395165e+00   0.0000000e+00   1.2900000e+00   1.2900000e+00   0.0000000e+00
  -6.1396345e+04   2.7937876e+05   0.0000000e+00   9.3447014e+00   4.5365795e+00   0.0000000e+00   6.6000000e-01   6.6000000e-01   0.0000000e+00
  -6.1396345e+04   2.7937876e+05   0.0000000e+00   9.3447014e+00   4.5365795e+00   0.0000000e+00   6.6000000e-01   6.6000000e-01   0.0000000e+00
  -1.1669910e+05   3.2649883e+05   0.0000000e+00   1.4226105e+01   8.1254869e+00   0.0000000e+00   1.9000000e-01   2.0000000e-01   0.0000000e+00
  -9.8202776e+04   3.0748582e+05   0.0000000e+00   1.2977178e+01   8.2210480e+00   0.0000000e+00   3.6000000e-01   3.5000000e-01   0.0000000e+00
  -8.5308295e+04   3.4040871e+05   0.0000000e+00   9.5301487e+00   7.5123105e+00   0.0000000e+00   3.6000000e-01   3.6000000e-01   0.0000000e+00
  -3.0785590e+04   1.7614494e+04   0.0000000e+00   6.4802907e+00   4.0215407e+00   0.0000000e+00   3.7000000e-01   3.6000000e-01   0.0000000e+00
  -5.0361191e+04   6.9938580e+04   0.0000000e+00   7.8044535e+00   4.3999712e+00   0.0000000e+00   3.9000000e-01   3.8000000e-01   0.0000000e+00
  -1.2006271e+04   2.1159679e+04   0.0000000e+00   5.3855035e+00   3.2251228e+00   0.0000000e+00   3.7000000e-01   3.6000000e-01   0.0000000e+00
  -7.2404507e+04   1.0610566e+05   0.0000000e+00   1.2286689e+01   5.0109905e+00   0.0000000e+00   3.8000000e-01   3.8000000e-01   0.0000000e+00
  -2.9159411e+04   1.3342687e+05   0.0000000e+00   6.9938615e+00   3.4532780e+00   0.0000000e+00   2.8000000e-01   2.7000000e-01   0.0000000e+00
  -1.8661038e+04   9.4612885e+04   0.0000000e+00   7.0205819e+00   3.1798377e+00   0.0000000e+00   2.8000000e-01   2.7000000e-01   0.0000000e+00
  -6.0957180e+03   1.2348973e+05   0.0000000e+00   4.2229629e+00   4.4165987e+00   0.0000000e+00   8.4000000e-01   8.5000000e-01   0.0000000e+00
  -1.2332670e+04   5.9791277e+04   0.0000000e+00   6.3778816e+00   2.4624741e+00   0.0000000e+00   3.8000000e-01   3.8000000e-01   0.0000000e+00
  -1.2332670e+04   5.9791277e+04   0.0000000e+00   6.3778816e+00   2.4624741e+00   0.0000000e+00   3.8000000e-01   3.8000000e-01   0.0000000e+00
   3.2374980e+04   2.4571522e+04   0.0000000e+00   5.3103983e+00   2.0177748e+00   0.0000000e+00   1.9000000e-01   2.0000000e-01   0.0000000e+00
   2.1158520e+05   3.8090589e+05   0.0000000e+00   1.3338356e-01   1.3771632e+00   0.0000000e+00   4.9000000e-01   5.0000000e-01   0.0000000e+00
   2.3942996e+04   9.2790065e+04   0.0000000e+00   4.7531750e+00   3.0938687e+00   0.0000000e+00   6.2000000e-01   6.2000000e-01   0.0000000e+00
  -5.6045950e+04   1.8405984e+05   0.0000000e+00   8.3951621e+00   4.9976070e+00   0.0000000e+00   3.6000000e-01   3.5000000e-01   0.0000000e+00
  -2.2908976e+04   1.7502231e+05   0.0000000e+00   6.2978999e+00   3.4468727e+00   0.0000000e+00   2.8000000e-01   2.7000000e-01   0.0000000e+00
  -3.0977209e+04   2.4860475e+05   0.0000000e+00   6.7820501e+00   3.9528496e+00   0.0000000e+00   4.2000000e-01   4.1000000e-01   0.0000000e+00
   1.0279134e+04   1.7656746e+05   0.0000000e+00   6.0442281e+00   1.7617637e+00   0.0000000e+00   3.1000000e-01   3.1000000e-01   0.0000000e+00
   1.0279134e+04   1.7656746e+05   0.0000000e+00   6.0442281e+00   1.7617637e+00   0.0000000e+00   3.1000000e-01   3.1000000e-01   0.0000000e+00
   4.3929611e+04   1.7026459e+05   0.0000000e+00   4.2441458e+00   2.7830073e+00   0.0000000e+00   5.0000000e-01   5.0000000e-01   0.0000000e+00
   4.3929611e+04   1.7026459e+05   0.0000000e+00   4.2441458e+00   2.7830073e+00   0.0000000e+00   5.0000000e-01   5.0000000e-01   0.0000000e+00
   4.4622643e+03   2.5430806e+05   0.0000000e+00   5.0053605e+00   2.9363360e+00   0.0000000e+00   2.8000000e-01   2.7000000e-01   0.0000000e+00
   9.4126286e+03   3.1382343e+05   0.0000000e+00   4.2361863e+00   2.1725524e+00   0.0000000e+00   4.3000000e-01   4.9000000e-01   0.0000000e+00
   1.1915602e+04   1.6146069e+05   0.0000000e+00   3.8349435e+00   2.7275179e+00   0.0000000e+00   7.4000000e-01   7.4000000e-01   0.0000000e+00
   3.6477721e+04   3.1154411e+05   0.0000000e+00   4.1371212e+00   2.0570902e+00   0.0000000e+00   2.0400000e+00   2.0400000e+00   0.0000000e+00
   5.1763528e+04   4.7810336e+04   0.0000000e+00   5.1947507e+00   1.9169891e+00   0.0000000e+00   2.0200000e+00   2.0200000e+00   0.0000000e+00
   8.7740335e+04   7.5140110e+04   0.0000000e+00   3.5232830e+00   1.9579746e+00   0.0000000e+00   3.7000000e-01   3.7000000e-01   0.0000000e+00
  -3.3279173e+04   2.2272373e+05   0.0000000e+00   6.5949659e+00   3.8025824e+00   0.0000000e+00   2.7000000e-01   2.7000000e-01   0.0000000e+00
   1.0116987e+05   1.8038034e+05   0.0000000e+00   3.0535779e+00   6.4303909e-01   0.0000000e+00   2.5000000e-01   2.4000000e-01   0.0000000e+00
   1.4477753e+05   3.0459501e+05   0.0000000e+00   1.2791105e+00   1.1340391e+00   0.0000000e+00   4.3000000e-01   4.2000000e-01   0.0000000e+00
  -3.7636228e+04   3.4010849e+05   0.0000000e+00   6.3130459e+00   3.6627335e+00   0.0000000e+00   6.8000000e-01   6.9000000e-01   0.0000000e+00
  -3.7636228e+04   3.4010849e+05   0.0000000e+00   6.3130459e+00   3.6627335e+00   0.0000000e+00   6.8000000e-01   6.9000000e-01   0.0000000e+00
  -3.7636228e+04   3.4010849e+05   0.0000000e+00   6.3130459e+00   3.6627335e+00   0.0000000e+00   6.8000000e-01   6.9000000e-01   0.0000000e+00
  -1.0053132e+04   3.3851846e+05   0.0000000e+00   4.5578198e+00   2.9580655e+00   0.0000000e+00   3.0000000e-01   3.0000000e-01   0.0000000e+00
   4.0485589e+04   3.3368167e+05   0.0000000e+00   3.8390616e+00   2.4600786e+00   0.0000000e+00   3.7000000e-01   3.6000000e-01   0.0000000e+00
   2.4482709e+04   3.8009414e+05   0.0000000e+00   3.3405408e+00   2.4393172e+00   0.0000000e+00   3.1000000e-01   3.0000000e-01   0.0000000e+00
   6.6969552e+03   4.1223127e+05   0.0000000e+00   3.4990586e+00   2.9612499e+00   0.0000000e+00   2.9000000e-01   2.9000000e-01   0.0000000e+00
   3.7302876e+04   4.2868968e+05   0.0000000e+00   2.3575966e+00   2.5480675e+00   0.0000000e+00   3.8000000e-01   3.8000000e-01   0.0000000e+00
   3.7302876e+04   4.2868968e+05   0.0000000e+00   2.3575966e+00   2.5480675e+00   0.0000000e+00   3.8000000e-01   3.8000000e-01   0.0000000e+00
   1.0311610e+05   3.6244721e+05   0.0000000e+00   1.8825262e+00   1.3840978e+00   0.0000000e+00   3.5000000e-01   3.4000000e-01   0.0000000e+00
   1.2707098e+05   3.9015767e+05   0.0000000e+00   1.9432030e+00   2.0528831e+00   0.0000000e+00   8.3000000e-01   8.4000000e-01   0.0000000e+00
   1.4260394e+05   4.1467777e+05   0.0000000e+00   7.9685672e-01   1.7692030e+00   0.0000000e+00   3.8000000e-01   3.8000000e-01   0.0000000e+00
   1.8218719e+05   6.5581777e+04   0.0000000e+00   2.4202793e+00   5.8564820e-01   0.0000000e+00   3.7000000e-01   3.7000000e-01   0.0000000e+00
   8.3130609e+03   1.2400103e+05   0.0000000e+00   5.3383767e+00   2.5540898e+00   0.0000000e+00   2.2000000e-01   2.2000000e-01   0.0000000e+00
   2.3304261e+05   1.0120398e+05   0.0000000e+00   2.1599490e+00  -1.6533294e-02  -0.0000000e+00   3.8000000e-01   3.7000000e-01   0.0000000e+00
   5.0053949e+04   1.2332300e+05   0.0000000e+00   4.7503498e+00   8.4762802e-01   0.0000000e+00   3.3000000e-01   3.4000000e-01   0.0000000e+00
   6.4912932e+04   1.1448641e+05   0.0000000e+00   3.2805624e+00   1.4642211e-02   0.0000000e+00   5.2000000e-01   5.2000000e-01   0.0000000e+00
   4.9517023e+04   1.3220417e+05   0.0000000e+00   3.7168048e+00   2.1260898e+00   0.0000000e+00   4.4000000e-01   4.3000000e-01   0.0000000e+00
   5.9817550e+04   1.3687267e+05   0.0000000e+00   3.2437517e+00   3.3977832e+00   0.0000000e+00   3.4000000e-01   3.3000000e-01   0.0000000e+00
   6.0619040e+04   1.3093701e+05   0.0000000e+00   5.0111901e+00   1.2859525e+00   0.0000000e+00   5.5000000e-01   5.4000000e-01   0.0000000e+00
   6.7112999e+04   1.3277106e+05   0.0000000e+00   5.4613575e+00   1.7212136e+00   0.0000000e+00   4.6000000e-01   4.6000000e-01   0.0000000e+00
   6.2298067e+04   1.2729117e+05   0.0000000e+00   4.8151691e+00  -1.1820779e+00  -0.0000000e+00   5.3000000e-01   5.2000000e-01   0.0000000e+00
   6.6773683e+04   1.3832881e+05   0.0000000e+00   4.5497583e+00   3.9822464e+00   0.0000000e+00   7.7000000e-01   8.0000000e-01   0.0000000e+00
   4.8285898e+04  -3.5209691e+05  -0.0000000e+00   1.7476871e+00   2.7254373e+00   0.0000000e+00   7.6000000e-01   7.6000000e-01   0.0000000e+00
  -8.1703750e+04  -3.5046420e+05  -0.0000000e+00   6.0926871e+00   5.5051663e+00   0.0000000e+00   4.8000000e-01   4.8000000e-01   0.0000000e+00
   1.0434810e+05   3.8285763e+04   0.0000000e+00   4.9225669e+00   9.0452392e-01   0.0000000e+00   6.2000000e-01   6.2000000e-01   0.0000000e+00
   6.6773683e+04   1.3832881e+05   0.0000000e+00   4.5497583e+00   3.9822464e+00   0.0000000e+00   7.7000000e-01   8.0000000e-01   0.0000000e+00
  -9.1533092e+04   2.4550298e+05   0.0000000e+00   1.4394061e+01   8.4261081e+00   0.0000000e+00   2.3000000e-01   2.2000000e-01   0.0000000e+00
  -9.1715173e+04   2.4650355e+05   0.0000000e+00   1.4383957e+01   8.4362298e+00   0.0000000e+00   2.3000000e-01   2.2000000e-01   0.0000000e+00
  -9.1541244e+04   2.4595879e+05   0.0000000e+00   1.2649425e+01   9.0510220e+00   0.0000000e+00   4.3000000e-01   4.2000000e-01   0.0000000e+00
  -9.1541244e+04   2.4595879e+05   0.0000000e+00   1.4389425e+01   8.4310220e+00   0.0000000e+00   2.3000000e-01   2.2000000e-01   0.0000000e+00
  -9.1541244e+04   2.4595879e+05   0.0000000e+00   1.4389425e+01   8.4310220e+00   0.0000000e+00   2.3000000e-01   2.2000000e-01   0.0000000e+00
   1.0366470e+04  -2.9601596e+05  -0.0000000e+00   3.2813987e+00   3.2193867e+00   0.0000000e+00   5.9000000e-01   7.0000000e-01   0.0000000e+00
   1.0181459e+05   1.7859062e+05   0.0000000e+00   3.6662337e+00   1.4738520e+00   0.0000000e+00   4.8000000e-01   5.2000000e-01   0.0000000e+00
   2.0142168e+05  -2.5511558e+05  -0.0000000e+00   2.7839160e+00   7.9002268e-01   0.0000000e+00   6.8000000e-01   9.1000000e-01   0.0000000e+00
  -1.2554480e+05   4.6003968e+05   0.0000000e+00   5.7000000e+00   5.1900000e+00   0.0000000e+00   5.2000000e-01   5.8000000e-01   0.0000000e+00
  -1.5037615e+05   4.2964606e+05   0.0000000e+00   7.0207930e+00   5.2163496e+00   0.0000000e+00   4.6000000e-01   4.9000000e-01   0.0000000e+00
   3.2642269e+04   2.4143400e+05   0.0000000e+00   3.7049036e+00   1.7084010e+00   0.0000000e+00   2.7000000e-01   2.7000000e-01   0.0000000e+00
   2.4647398e+03  -5.4429539e+04  -0.0000000e+00   7.2719356e+00   2.4102864e+00   0.0000000e+00   7.8000000e-01   8.9000000e-01   0.0000000e+00
   5.3842975e+04   3.2219583e+05   0.0000000e+00   3.5105664e+00   1.8797118e+00   0.0000000e+00   3.2000000e-01   3.2000000e-01   0.0000000e+00
   5.3842975e+04   3.2219583e+05   0.0000000e+00   3.5105664e+00   1.8797118e+00   0.0000000e+00   3.2000000e-01   3.2000000e-01   0.0000000e+00
  -3.3339331e+04   4.0559243e+05   0.0000000e+00   4.2813794e+00   2.7992119e+00   0.0000000e+00   2.5000000e-01   2.5000000e-01   0.0000000e+00
  -3.3346723e+04   4.0559243e+05   0.0000000e+00   4.2813799e+00   2.7992059e+00   0.0000000e+00   2.5000000e-01   2.5000000e-01   0.0000000e+00
  -3.3346723e+04   4.0559243e+05   0.0000000e+00   4.2813799e+00   2.7992059e+00   0.0000000e+00   2.5000000e-01   2.5000000e-01   0.0000000e+00
  -3.3346723e+04   4.0559243e+05   0.0000000e+00   4.2813799e+00   2.7992059e+00   0.0000000e+00   2.5000000e-01   2.5000000e-01   0.0000000e+00
  -3.3346723e+04   4.0559243e+05   0.0000000e+00   4.2813799e+00   2.7992059e+00   0.0000000e+00   2.5000000e-01   2.5000000e-01   0.0000000e+00
  -3.3346657e+04   4.0560355e+05   0.0000000e+00   4.2813445e+00   2.7993142e+00   0.0000000e+00   2.5000000e-01   2.5000000e-01   0.0000000e+00
   1.3797747e+05  -1.0438764e+05  -0.0000000e+00   3.3183547e+00   8.7734514e-01   0.0000000e+00   4.7000000e-01   5.3000000e-01   0.0000000e+00
   8.5578476e+04  -4.1552489e+05  -0.0000000e+00   1.5801675e-01   2.3435927e+00   0.0000000e+00   1.8800000e+00   1.9000000e+00   0.0000000e+00
   2.3923474e+04   3.2529799e+05   0.0000000e+00   3.7252137e+00   1.1400994e+00   0.0000000e+00   6.6000000e-01   6.9000000e-01   0.0000000e+00
   2.3805719e+04   3.2476428e+05   0.0000000e+00   3.7287423e+00   1.1352405e+00   0.0000000e+00   6.6000000e-01   6.9000000e-01   0.0000000e+00
   1.0566763e+05  -1.1215434e+05  -0.0000000e+00   5.1450840e+00  -3.0281630e-01  -0.0000000e+00   9.0000000e-01   9.0000000e-01   0.0000000e+00
   5.4583297e+04   3.2322988e+05   0.0000000e+00   2.3935860e+00   1.2797976e+00   0.0000000e+00   4.6000000e-01   5.4000000e-01   0.0000000e+00
  -1.0456327e+05   5.2358965e+05   0.0000000e+00   2.2700000e+00   3.3100000e+00   0.0000000e+00   4.9000000e-01   5.2000000e-01   0.0000000e+00
   1.1325666e+05   7.9007941e+04   0.0000000e+00   3.8658322e+00   1.0884054e+00   0.0000000e+00   2.4000000e-01   2.5000000e-01   0.0000000e+00
  -8.9570571e+04  -9.2231832e+04  -0.0000000e+00   9.3194909e+00   4.6648116e+00   0.0000000e+00   6.3000000e-01   6.4000000e-01   0.0000000e+00
   2.7866973e+04   3.0342757e+05   0.0000000e+00   3.8582294e+00   1.3345074e+00   0.0000000e+00   4.5000000e-01   5.3000000e-01   0.0000000e+00
  -1.0511279e+05   5.3440068e+05   0.0000000e+00   3.0200000e+00   2.5200000e+00   0.0000000e+00   5.0000000e-01   5.5000000e-01   0.0000000e+00
  -6.4710459e+04   4.6798969e+04   0.0000000e+00   8.8684388e+00   4.4763813e+00   0.0000000e+00   2.6000000e-01   2.9000000e-01   0.0000000e+00
   2.9576686e+04   2.6581489e+05   0.0000000e+00   4.0904883e+00   1.2317603e+00   0.0000000e+00   2.5000000e-01   2.4000000e-01   0.0000000e+00
   1.7088528e+05  -7.7642329e+04  -0.0000000e+00   2.8457892e+00   2.0752200e+00   0.0000000e+00   6.1000000e-01   6.7000000e-01   0.0000000e+00
   5.8705709e+03   1.1559792e+05   0.0000000e+00   5.1794204e+00   3.1732964e+00   0.0000000e+00   1.0300000e+00   9.6000000e-01   0.0000000e+00
   5.8628056e+03   1.1559792e+05   0.0000000e+00   5.1794241e+00   3.1732451e+00   0.0000000e+00   1.0300000e+00   9.6000000e-01   0.0000000e+00
   4.0205222e+04  -2.5102762e+05  -0.0000000e+00   3.0668870e+00   3.3086394e+00   0.0000000e+00   6.1000000e-01   7.2000000e-01   0.0000000e+00
  -2.2625968e+05   5.1352400e+05   0.0000000e+00   4.7100000e+00   2.4400000e+00   0.0000000e+00   6.0000000e-01   6.2000000e-01   0.0000000e+00
   5.4550707e+04   2.8582726e+05   0.0000000e+00   2.9910150e+00  -1.6572100e+00  -0.0000000e+00   1.3300000e+00   1.5200000e+00   0.0000000e+00
  -1.3589862e+05   4.7318513e+05   0.0000000e+00   4.6900000e+00   3.9700000e+00   0.0000000e+00   2.4000000e-01   2.3000000e-01   0.0000000e+00
  -3.6944572e+04   3.4649090e+05   0.0000000e+00   4.3454146e+00   3.7767647e+00   0.0000000e+00   6.2000000e-01   6.3000000e-01   0.0000000e+00
  -1.0467024e+05   3.9400520e+05   0.0000000e+00   7.1778383e+00   6.5805433e+00   0.0000000e+00   7.3000000e-01   7.6000000e-01   0.0000000e+00
   2.1541344e+04   1.7035352e+05   0.0000000e+00   5.2914388e+00   2.1493523e+00   0.0000000e+00   3.3000000e-01   3.8000000e-01   0.0000000e+00
  -1.0466269e+05  -3.5743928e+05  -0.0000000e+00   8.3139890e+00   7.2829223e+00   0.0000000e+00   2.3000000e-01   2.3000000e-01   0.0000000e+00
  -1.0466269e+05  -3.5743928e+05  -0.0000000e+00   8.3139890e+00   7.2829223e+00   0.0000000e+00   2.3000000e-01   2.3000000e-01   0.0000000e+00
  -1.0466269e+05  -3.5743928e+05  -0.0000000e+00   8.3139890e+00   7.2829223e+00   0.0000000e+00   2.3000000e-01   2.3000000e-01   0.0000000e+00
   7.4971613e+04   2.7784447e+05   0.0000000e+00   2.8735895e+00   1.4964643e-01   0.0000000e+00   2.3000000e-01   2.3000000e-01   0.0000000e+00
   7.4971613e+04   2.7784447e+05   0.0000000e+00   2.8735895e+00   1.4964643e-01   0.0000000e+00   2.3000000e-01   2.3000000e-01   0.0000000e+00
  -8.3451135e+04   3.5548643e+05   0.0000000e+00   7.6629869e+00   5.0284200e+00   0.0000000e+00   3.3000000e-01   3.6000000e-01   0.0000000e+00
   8.4338585e+03   3.1533557e+05   0.0000000e+00   4.3157262e+00   2.7533096e+00   0.0000000e+00   9.8000000e-01   1.0300000e+00   0.0000000e+00
  -1.0059793e+05   2.8235841e+05   0.0000000e+00   1.2910662e+01   8.6162349e+00   0.0000000e+00   3.3000000e-01   3.8000000e-01   0.0000000e+00
  -1.1695226e+05   3.2620974e+05   0.0000000e+00   1.4228116e+01   8.1215663e+00   0.0000000e+00   1.9000000e-01   2.0000000e-01   0.0000000e+00
   3.3778991e+04   2.8572720e+05   0.0000000e+00   2.4964189e+00   1.3638065e+00   0.0000000e+00   2.4300000e+00   2.6600000e+00   0.0000000e+00
   2.0339376e+05   3.8999087e+05   0.0000000e+00  -8.4028827e-01   2.2998190e+00   0.0000000e+00   4.3000000e-01   4.8000000e-01   0.0000000e+00
  -2.0817697e+05   4.5403424e+05   0.0000000e+00   7.9000000e+00   6.4400000e+00   0.0000000e+00   4.8000000e-01   5.3000000e-01   0.0000000e+00
   1.4835036e+05  -8.2253671e+04  -0.0000000e+00   3.2557751e+00   3.2782225e-01   0.0000000e+00   1.8000000e-01   1.8000000e-01   0.0000000e+00
  -8.9310973e+04  -1.4410904e+05  -0.0000000e+00   7.7110081e+00   5.0509804e+00   0.0000000e+00   5.1000000e-01   5.4000000e-01   0.0000000e+00
   9.7466544e+04   1.9654364e+05   0.0000000e+00   3.4845280e+00   1.7286634e+00   0.0000000e+00   5.1000000e-01   5.8000000e-01   0.0000000e+00
  -1.0371254e+05   3.9533961e+05   0.0000000e+00   6.6026967e+00   3.4265043e+00   0.0000000e+00   8.6000000e-01   9.3000000e-01   0.0000000e+00
  -3.5962248e+04   8.8555364e+04   0.0000000e+00   6.8630283e+00   3.0647882e+00   0.0000000e+00   3.6000000e-01   4.1000000e-01   0.0000000e+00
  -4.9060069e+04  -2.5346041e+05  -0.0000000e+00   3.9134806e+00   4.1742042e+00   0.0000000e+00   3.8000000e-01   3.8000000e-01   0.0000000e+00
   3.3999567e+04   6.0758209e+04   0.0000000e+00   4.8592360e+00   2.3497841e+00   0.0000000e+00   2.9000000e-01   3.0000000e-01   0.0000000e+00
   7.4270029e+04  -2.8073140e+05  -0.0000000e+00   2.2368541e+00   3.1023515e+00   0.0000000e+00   7.3000000e-01   8.5000000e-01   0.0000000e+00
  -1.1790086e+05  -2.8558562e+05  -0.0000000e+00   1.0068088e+01   8.3831817e+00   0.0000000e+00   6.6000000e-01   7.0000000e-01   0.0000000e+00
  -5.9519734e+04  -1.2085427e+05  -0.0000000e+00   2.9487943e+00  -5.3926625e-01  -0.0000000e+00   2.3200000e+00   2.5000000e+00   0.0000000e+00
   9.3961995e+03   4.0528106e+05   0.0000000e+00   4.1695995e+00   1.1716369e+00   0.0000000e+00   1.4900000e+00   1.5400000e+00   0.0000000e+00
  -2.8945245e+04  -1.9493764e+05  -0.0000000e+00   3.8848322e+00   3.2297111e+00   0.0000000e+00   4.6000000e-01   4.9000000e-01   0.0000000e+00
   1.3250215e+05   7.5584687e+04   0.0000000e+00   3.6637503e+00   4.6625114e-01   0.0000000e+00   4.1000000e-01   4.1000000e-01   0.0000000e+00
   4.7356172e+04   2.6538129e+05   0.0000000e+00   3.8399890e+00   1.5736965e+00   0.0000000e+00   2.7000000e-01   2.7000000e-01   0.0000000e+00
   4.7356172e+04   2.6538129e+05   0.0000000e+00   3.8399890e+00   1.5736965e+00   0.0000000e+00   2.7000000e-01   2.7000000e-01   0.0000000e+00
   1.4247601e+05   4.1506698e+05   0.0000000e+00   7.9587359e-01   1.7714744e+00   0.0000000e+00   3.8000000e-01   3.8000000e-01   0.0000000e+00
   1.4244025e+05   4.1502250e+05   0.0000000e+00   6.5159872e+00   4.7118312e-01   0.0000000e+00   1.5900000e+00   1.4600000e+00   0.0000000e+00
   5.3647909e+04  -2.6451335e+05  -0.0000000e+00   2.7883048e+00   1.8730885e+00   0.0000000e+00   5.6000000e-01   5.2000000e-01   0.0000000e+00
   2.1865095e+05   3.5098309e+05   0.0000000e+00   5.1027132e-01   3.4144564e-01   0.0000000e+00   4.3000000e-01   4.8000000e-01   0.0000000e+00
   8.3947580e+04  -6.2885806e+04  -0.0000000e+00   4.1086021e+00   1.1207651e+00   0.0000000e+00   2.7000000e-01   2.8000000e-01   0.0000000e+00
   5.5242835e+04  -1.1522100e+05  -0.0000000e+00   6.0260824e+00   1.4809275e+00   0.0000000e+00   6.3000000e-01   6.9000000e-01   0.0000000e+00
   1.9387597e+05   1.7810150e+05   0.0000000e+00   1.8080372e+00   3.9924049e-01   0.0000000e+00   3.6000000e-01   4.1000000e-01   0.0000000e+00
  -4.1319250e+04   2.1847704e+05   0.0000000e+00   5.6853651e+00   5.5143396e+00   0.0000000e+00   5.9000000e-01   5.8000000e-01   0.0000000e+00
  -4.1319250e+04   2.1847704e+05   0.0000000e+00   5.6853651e+00   5.5143396e+00   0.0000000e+00   5.9000000e-01   5.8000000e-01   0.0000000e+00
  -4.1319250e+04   2.1847704e+05   0.0000000e+00   7.0353651e+00   1.5743396e+00   0.0000000e+00   1.8600000e+00   1.8800000e+00   0.0000000e+00
  -1.2639023e+04   4.1955966e+05   0.0000000e+00   3.1802719e+00   2.2162088e+00   0.0000000e+00   6.4000000e-01   7.3000000e-01   0.0000000e+00
   1.7374554e+05   2.1684284e+05   0.0000000e+00   1.7909138e+00   2.8948828e-02   0.0000000e+00   3.6000000e-01   3.5000000e-01   0.0000000e+00
   1.7374554e+05   2.1684284e+05   0.0000000e+00   1.7909138e+00   2.8948828e-02   0.0000000e+00   3.6000000e-01   3.5000000e-01   0.0000000e+00
  -5.6295335e+02   3.9421648e+05   0.0000000e+00   3.7576210e+00   2.5632178e+00   0.0000000e+00   2.5000000e-01   2.4000000e-01   0.0000000e+00
  -5.1765818e+04   4.3614059e+05   0.0000000e+00   4.1346142e+00   3.5134383e+00   0.0000000e+00   2.4000000e-01   2.4000000e-01   0.0000000e+00
   7.1472921e+03   4.4609530e+04   0.0000000e+00   6.3077104e+00   2.4815122e+00   0.0000000e+00   3.0000000e-01   3.4000000e-01   0.0000000e+00
  -1.5995495e+04   5.2144788e+04   0.0000000e+00   7.6746785e+00   2.5283248e+00   0.0000000e+00   9.7000000e-01   1.2100000e+00   0.0000000e+00
   9.3523526e+03   3.1393461e+05   0.0000000e+00   4.2354116e+00   2.1733730e+00   0.0000000e+00   4.3000000e-01   4.9000000e-01   0.0000000e+00
  -5.2762755e+03  -1.8086158e+05  -0.0000000e+00   4.3830431e+00   3.5305190e+00   0.0000000e+00   3.1000000e-01   3.3000000e-01   0.0000000e+00
   1.2258566e+04  -3.8240675e+05  -0.0000000e+00   9.2862447e-01   4.7303509e+00   0.0000000e+00   2.7800000e+00   2.9200000e+00   0.0000000e+00
  -8.2175886e+03  -2.4470542e+04  -0.0000000e+00   7.0916572e+00   3.9704690e+00   0.0000000e+00   7.9000000e-01   8.1000000e-01   0.0000000e+00
   5.7226665e+04   3.8992415e+05   0.0000000e+00   2.5488410e+00   1.6208824e+00   0.0000000e+00   1.8000000e-01   1.8000000e-01   0.0000000e+00
   5.2848011e+04   2.9547791e+05   0.0000000e+00   3.6339878e+00   1.2241982e+00   0.0000000e+00   1.4000000e-01   1.3000000e-01   0.0000000e+00
   5.2776078e+04   2.9509988e+05   0.0000000e+00   3.6369582e+00   1.2209602e+00   0.0000000e+00   1.4000000e-01   1.3000000e-01   0.0000000e+00
   5.6012270e+04   2.9867999e+05   0.0000000e+00   3.0385719e+00   1.9193020e+00   0.0000000e+00   3.3000000e-01   3.3000000e-01   0.0000000e+00
  -7.0646563e+04   1.1294141e+05   0.0000000e+00   1.1180889e+01   4.3310263e+00   0.0000000e+00   3.4000000e-01   3.5000000e-01   0.0000000e+00
   5.2038343e+04   2.9501094e+05   0.0000000e+00   3.6378050e+00   1.2179662e+00   0.0000000e+00   1.4000000e-01   1.3000000e-01   0.0000000e+00
   5.2038343e+04   2.9501094e+05   0.0000000e+00   3.6378050e+00   1.2179662e+00   0.0000000e+00   1.4000000e-01   1.3000000e-01   0.0000000e+00
   5.2038343e+04   2.9501094e+05   0.0000000e+00   3.6378050e+00   1.2179662e+00   0.0000000e+00   1.4000000e-01   1.3000000e-01   0.0000000e+00
   5.6012270e+04   2.9867999e+05   0.0000000e+00   3.0385719e+00   1.9193020e+00   0.0000000e+00   3.3000000e-01   3.3000000e-01   0.0000000e+00
   5.6012270e+04   2.9867999e+05   0.0000000e+00   3.0385719e+00   1.9193020e+00   0.0000000e+00   3.3000000e-01   3.3000000e-01   0.0000000e+00
   5.6012270e+04   2.9867999e+05   0.0000000e+00   3.0385719e+00   1.9193020e+00   0.0000000e+00   3.3000000e-01   3.3000000e-01   0.0000000e+00
  -6.3625910e+04   5.1123283e+05   0.0000000e+00   2.4400000e+00   2.8200000e+00   0.0000000e+00   5.1000000e-01   5.7000000e-01   0.0000000e+00
   5.7497376e+04   3.9100279e+05   0.0000000e+00   2.5448336e+00   1.6296539e+00   0.0000000e+00   1.8000000e-01   1.8000000e-01   0.0000000e+00
   5.7566167e+04   3.9152543e+05   0.0000000e+00   2.5429148e+00   1.6438296e+00   0.0000000e+00   1.8000000e-01   1.8000000e-01   0.0000000e+00
   5.7522157e+04   3.9148095e+05   0.0000000e+00   2.5430805e+00   1.6434316e+00   0.0000000e+00   1.8000000e-01   1.8000000e-01   0.0000000e+00
  -2.1289026e+05   5.5104023e+05   0.0000000e+00   2.4400000e+00   1.6700000e+00   0.0000000e+00   9.3000000e-01   9.4000000e-01   0.0000000e+00
  -6.8586804e+04   3.7545718e+05   0.0000000e+00   6.4511878e+00   1.9748271e+00   0.0000000e+00   7.6000000e-01   8.3000000e-01   0.0000000e+00
  -8.6226384e+04   5.0413695e+05   0.0000000e+00   3.3900000e+00   3.0700000e+00   0.0000000e+00   4.6000000e-01   4.9000000e-01   0.0000000e+00
   1.6262882e+05  -8.8459561e+03  -0.0000000e+00   2.7926685e+00   5.5275162e-01   0.0000000e+00   2.8000000e-01   3.0000000e-01   0.0000000e+00
  -8.5253632e+04   2.3508601e+05   0.0000000e+00   1.4360113e+01   3.2399484e+00   0.0000000e+00   1.3500000e+00   1.7400000e+00   0.0000000e+00
   1.9387597e+05   1.7810150e+05   0.0000000e+00   1.8080372e+00   3.9924049e-01   0.0000000e+00   3.6000000e-01   4.1000000e-01   0.0000000e+00
  -6.8438714e+04   3.7541271e+05   0.0000000e+00   6.4513711e+00   1.9745765e+00   0.0000000e+00   7.6000000e-01   8.3000000e-01   0.0000000e+00
   9.8461073e+04  -1.0854323e+05  -0.0000000e+00   4.2916734e+00  -4.6790929e+00  -0.0000000e+00   1.3500000e+00   1.5900000e+00   0.0000000e+00
  -5.4656667e+04   5.3634068e+04   0.0000000e+00   8.2839051e+00   3.7124199e+00   0.0000000e+00   2.0000000e-01   2.1000000e-01   0.0000000e+00
   1.1558414e+05  -7.7153413e+04  -0.0000000e+00   3.7398316e+00   7.1533340e-01   0.0000000e+00   4.8000000e-01   5.2000000e-01   0.0000000e+00
   3.3771121e+04   2.8578279e+05   0.0000000e+00   2.4959617e+00   1.3642456e+00   0.0000000e+00   2.4300000e+00   2.6600000e+00   0.0000000e+00
   9.1180576e+04  -2.9801537e+05  -0.0000000e+00   1.9347458e+00   2.9576180e+00   0.0000000e+00   8.7000000e-01   9.0000000e-01   0.0000000e+00
   1.4899934e+05  -4.0683694e+04  -0.0000000e+00   3.8362482e+00   1.9824114e-01   0.0000000e+00   7.2000000e-01   9.8000000e-01   0.0000000e+00
   2.2970966e+04   3.6828499e+05   0.0000000e+00   4.0032250e+00   2.5061245e+00   0.0000000e+00   2.3000000e-01   2.3000000e-01   0.0000000e+00
   1.0676916e+05   3.4224337e+05   0.0000000e+00   2.4589214e+00   3.1420863e+00   0.0000000e+00   1.1100000e+00   1.5000000e+00   0.0000000e+00
  -7.4243918e+04   1.3409380e+05   0.0000000e+00   7.9768924e+00   4.4083185e+00   0.0000000e+00   9.9000000e-01   1.0800000e+00   0.0000000e+00
  -1.0733441e+04   2.4860475e+05   0.0000000e+00   4.0357105e+00   2.7041894e+00   0.0000000e+00   5.1000000e-01   5.2000000e-01   0.0000000e+00
  -1.0733441e+04   2.4860475e+05   0.0000000e+00   4.0357105e+00   2.7041894e+00   0.0000000e+00   5.1000000e-01   5.2000000e-01   0.0000000e+00
  -4.4214186e+04  -1.0684322e+05  -0.0000000e+00   6.6105982e+00   3.1086989e+00   0.0000000e+00   5.4000000e-01   6.0000000e-01   0.0000000e+00
  -6.2195947e+04   1.8483799e+05   0.0000000e+00   8.1379385e+00   5.4231184e+00   0.0000000e+00   4.2000000e-01   4.7000000e-01   0.0000000e+00
  -8.9799195e+04  -1.2394310e+05  -0.0000000e+00   8.4568292e+00   4.5961075e+00   0.0000000e+00   4.1000000e-01   4.9000000e-01   0.0000000e+00
   4.3236849e+04  -3.2611747e+05  -0.0000000e+00   2.0536625e+00   2.5349139e+00   0.0000000e+00   3.3000000e-01   3.7000000e-01   0.0000000e+00
   1.2999004e+05   2.0817169e+05   0.0000000e+00   2.7888853e+00   3.4868889e-01   0.0000000e+00   1.1500000e+00   1.1800000e+00   0.0000000e+00
   4.7423446e+04   2.6549247e+05   0.0000000e+00   3.8389589e+00   1.5748449e+00   0.0000000e+00   2.7000000e-01   2.7000000e-01   0.0000000e+00
   4.7423446e+04   2.6549247e+05   0.0000000e+00   3.8389589e+00   1.5748449e+00   0.0000000e+00   2.7000000e-01   2.7000000e-01   0.0000000e+00
   6.3306903e+04   2.6685996e+05   0.0000000e+00   2.1227492e+00   1.7540737e+00   0.0000000e+00   8.3000000e-01   8.2000000e-01   0.0000000e+00
   1.4415904e+05   1.3636136e+05   0.0000000e+00   3.1316620e+00   1.6823594e-01   0.0000000e+00   3.0000000e-01   3.1000000e-01   0.0000000e+00
   9.9113613e+03   2.9939378e+04   0.0000000e+00   5.9819476e+00   2.1296465e+00   0.0000000e+00   2.2000000e-01   2.2000000e-01   0.0000000e+00
   2.1285844e+04  -1.8406122e+05  -0.0000000e+00   2.9843902e+00   2.1102195e+00   0.0000000e+00   5.5000000e-01   5.8000000e-01   0.0000000e+00
  -6.8365400e+04   1.0073715e+05   0.0000000e+00   9.8429909e+00   4.0483213e+00   0.0000000e+00   4.9000000e-01   5.0000000e-01   0.0000000e+00
  -1.5387774e+04   7.5973692e+04   0.0000000e+00   6.4930083e+00   2.7519600e+00   0.0000000e+00   3.4000000e-01   3.8000000e-01   0.0000000e+00
   1.4207513e+04  -1.8814176e+04  -0.0000000e+00   6.5705866e+00   1.8372917e+00   0.0000000e+00   5.5000000e-01   5.6000000e-01   0.0000000e+00
  -1.8574824e+05   5.5532254e+05   0.0000000e+00   1.0600000e+00   2.5600000e+00   0.0000000e+00   6.0000000e-01   6.5000000e-01   0.0000000e+00
   8.7293298e+04   7.6929534e+04   0.0000000e+00   4.2105620e+00   8.9516426e-01   0.0000000e+00   3.5000000e-01   3.8000000e-01   0.0000000e+00
   1.0465746e+05   3.3840271e+04   0.0000000e+00   3.7244831e+00   1.4260857e+00   0.0000000e+00   7.2000000e-01   7.9000000e-01   0.0000000e+00
  -5.0080806e+04   3.5019362e+05   0.0000000e+00   5.4666110e+00   2.8871775e+00   0.0000000e+00   3.2000000e-01   3.1000000e-01   0.0000000e+00
  -5.0028457e+04   3.5020474e+05   0.0000000e+00   5.4665400e+00   2.8873925e+00   0.0000000e+00   3.2000000e-01   3.1000000e-01   0.0000000e+00
   4.8585884e+04   3.6008988e+05   0.0000000e+00   2.3900886e+00   2.0912377e+00   0.0000000e+00   5.5000000e-01   6.4000000e-01   0.0000000e+00
   8.5213407e+03   4.1667945e+05   0.0000000e+00   2.0068203e+00   4.6119134e+00   0.0000000e+00   5.3000000e-01   6.0000000e-01   0.0000000e+00
   1.5822141e+05  -2.0835792e+05  -0.0000000e+00   2.4097564e+00   2.2128336e+00   0.0000000e+00   9.8000000e-01   1.0300000e+00   0.0000000e+00
  -5.0013723e+04   3.5018250e+05   0.0000000e+00   7.5866621e+00   3.9471977e+00   0.0000000e+00   5.5000000e-01   6.3000000e-01   0.0000000e+00
  -2.5878345e+04  -1.7052931e+05  -0.0000000e+00   4.6784345e+00   3.2786615e+00   0.0000000e+00   5.8000000e-01   6.8000000e-01   0.0000000e+00
  -1.1471080e+05  -2.6826798e+05  -0.0000000e+00   4.7126959e+00   7.1214172e+00   0.0000000e+00   9.0000000e-01   9.6000000e-01   0.0000000e+00
  -8.5442773e+03   2.6532570e+05   0.0000000e+00   5.4651878e+00   3.5770183e+00   0.0000000e+00   5.1000000e-01   5.6000000e-01   0.0000000e+00
  -8.5442773e+03   2.6532570e+05   0.0000000e+00   5.4651878e+00   3.5770183e+00   0.0000000e+00   5.1000000e-01   5.6000000e-01   0.0000000e+00
   1.9584068e+05   1.8076941e+05   0.0000000e+00   3.9237605e+00  -6.1252127e-03  -0.0000000e+00   7.0000000e-01   7.1000000e-01   0.0000000e+00
   5.4036944e+04   2.3377418e+05   0.0000000e+00   4.3479212e+00   1.5564521e+00   0.0000000e+00   2.6000000e-01   2.6000000e-01   0.0000000e+00
   5.4044559e+04   2.3377418e+05   0.0000000e+00   4.3479190e+00   1.5564850e+00   0.0000000e+00   2.6000000e-01   2.6000000e-01   0.0000000e+00
   5.4083342e+04   2.3369635e+05   0.0000000e+00   4.3487236e+00   1.5560319e+00   0.0000000e+00   2.6000000e-01   2.6000000e-01   0.0000000e+00
   5.4083342e+04   2.3369635e+05   0.0000000e+00   4.3487236e+00   1.5560319e+00   0.0000000e+00   2.6000000e-01   2.6000000e-01   0.0000000e+00
   5.4178993e+04   2.3406322e+05   0.0000000e+00   4.3448547e+00   1.5593701e+00   0.0000000e+00   2.6000000e-01   2.6000000e-01   0.0000000e+00
   5.4178993e+04   2.3406322e+05   0.0000000e+00   4.3448547e+00   1.5593701e+00   0.0000000e+00   2.6000000e-01   2.6000000e-01   0.0000000e+00
  -1.0818643e+05  -1.8333908e+05  -0.0000000e+00   9.7020212e+00   6.4340064e+00   0.0000000e+00   3.5000000e-01   4.0000000e-01   0.0000000e+00
   7.6696849e+04   2.7884510e+05   0.0000000e+00   1.9746959e+00   6.8309627e-01   0.0000000e+00   8.5000000e-01   8.7000000e-01   0.0000000e+00
  -7.2167294e+04   5.1733569e+04   0.0000000e+00   2.4537099e+01   6.6067468e+00   0.0000000e+00   1.3100000e+00   1.3300000e+00   0.0000000e+00
   1.0128528e+05   3.7118819e+04   0.0000000e+00   5.0421043e+00   1.3411742e-01   0.0000000e+00   5.7000000e-01   7.2000000e-01   0.0000000e+00
  -1.2096332e+05   4.9915430e+05   0.0000000e+00   3.1300000e+00   3.5900000e+00   0.0000000e+00   8.8000000e-01   9.0000000e-01   0.0000000e+00
   4.6644994e+04  -1.9690404e+05  -0.0000000e+00   3.7861101e+00   1.3817452e+00   0.0000000e+00   5.4000000e-01   6.1000000e-01   0.0000000e+00
   9.8582590e+04   2.9749033e+05   0.0000000e+00   2.4997378e+00   1.6796501e+00   0.0000000e+00   6.1000000e-01   7.4000000e-01   0.0000000e+00
  -4.5508856e+04  -9.0565112e+04  -0.0000000e+00   7.3744705e+00   4.9096169e+00   0.0000000e+00   5.0000000e-01   5.5000000e-01   0.0000000e+00
  -3.0074262e+04   3.4902609e+05   0.0000000e+00   4.7698896e+00   2.3752998e+00   0.0000000e+00   2.7000000e-01   2.7000000e-01   0.0000000e+00
  -1.8706074e+05   4.3795328e+05   0.0000000e+00   8.7231349e+00   6.7125812e+00   0.0000000e+00   2.3000000e-01   2.2000000e-01   0.0000000e+00
  -3.2006782e+02  -7.5019960e+04  -0.0000000e+00   6.9611378e+00   1.6321552e+00   0.0000000e+00   3.7000000e-01   3.8000000e-01   0.0000000e+00
  -4.3584687e+04  -4.5128624e+04  -0.0000000e+00   7.4574180e+00   4.3301002e+00   0.0000000e+00   5.2000000e-01   6.0000000e-01   0.0000000e+00
   2.2143860e+05  -4.1050402e+04  -0.0000000e+00   2.5887447e+00   1.7270004e-01   0.0000000e+00   3.6000000e-01   4.1000000e-01   0.0000000e+00
  -1.8681873e+05   4.3640749e+05   0.0000000e+00   8.7264226e+00   6.6925478e+00   0.0000000e+00   2.3000000e-01   2.2000000e-01   0.0000000e+00
  -1.8681873e+05   4.3640749e+05   0.0000000e+00   8.7264226e+00   6.6925478e+00   0.0000000e+00   2.3000000e-01   2.2000000e-01   0.0000000e+00
  -1.8681873e+05   4.3640749e+05   0.0000000e+00   8.7264226e+00   6.6925478e+00   0.0000000e+00   2.3000000e-01   2.2000000e-01   0.0000000e+00
  -1.8681873e+05   4.3640749e+05   0.0000000e+00   8.7264226e+00   6.6925478e+00   0.0000000e+00   2.3000000e-01   2.2000000e-01   0.0000000e+00
  -1.1702974e+05   3.2645435e+05   0.0000000e+00   1.4226483e+01   8.1241695e+00   0.0000000e+00   1.9000000e-01   2.0000000e-01   0.0000000e+00
   1.6293973e+05  -2.8964003e+05  -0.0000000e+00   1.5120487e+00   2.5108082e+00   0.0000000e+00   6.3000000e-01   7.5000000e-01   0.0000000e+00
   9.2433014e+04  -2.6957876e+05  -0.0000000e+00   3.0504093e+00   3.0478705e+00   0.0000000e+00   5.6000000e-01   6.3000000e-01   0.0000000e+00
   1.9979335e+04   7.4673304e+04   0.0000000e+00   7.9154113e+00   1.4370491e+00   0.0000000e+00   9.6000000e-01   1.1700000e+00   0.0000000e+00
   3.4463447e+04  -9.4943019e+04  -0.0000000e+00   4.9989177e+00   1.9173926e+00   0.0000000e+00   4.4000000e-01   4.7000000e-01   0.0000000e+00
  -3.6184325e+04   3.7679156e+05   0.0000000e+00   4.6312467e+00   3.0648286e+00   0.0000000e+00   1.8000000e-01   1.8000000e-01   0.0000000e+00
  -3.5573004e+04   1.4097431e+05   0.0000000e+00   7.6455610e+00   3.6365410e+00   0.0000000e+00   4.4000000e-01   5.0000000e-01   0.0000000e+00
   1.8205923e+05  -2.2101138e+05  -0.0000000e+00   1.6939575e+00   1.4829038e+00   0.0000000e+00   5.6000000e-01   6.4000000e-01   0.0000000e+00
   7.4454471e+02   5.8135271e+04   0.0000000e+00   6.6834448e+00   2.3491686e+00   0.0000000e+00   2.3000000e-01   2.4000000e-01   0.0000000e+00
  -1.6598869e+05   5.2846126e+05   0.0000000e+00   2.1600000e+00   3.8800000e+00   0.0000000e+00   1.6400000e+00   1.6400000e+00   0.0000000e+00
  -1.6604235e+05   5.2836116e+05   0.0000000e+00   2.1600000e+00   3.8800000e+00   0.0000000e+00   1.6400000e+00   1.6400000e+00   0.0000000e+00
   1.0243904e+04   1.8992557e+04   0.0000000e+00   6.3105304e+00   2.1417250e+00   0.0000000e+00   6.0000000e-01   6.1000000e-01   0.0000000e+00
  -4.7152689e+04  -1.5069754e+05  -0.0000000e+00   4.3665213e+00   3.0717288e+00   0.0000000e+00   1.4000000e+00   1.7700000e+00   0.0000000e+00
   2.4951556e+04   3.7817041e+05   0.0000000e+00   4.4786373e+00   1.9635568e+00   0.0000000e+00   4.2000000e-01   4.7000000e-01   0.0000000e+00
   2.2613923e+04   3.6825163e+05   0.0000000e+00   4.0034229e+00   2.5052673e+00   0.0000000e+00   2.3000000e-01   2.3000000e-01   0.0000000e+00
   2.2613923e+04   3.6825163e+05   0.0000000e+00   4.0034229e+00   2.5052673e+00   0.0000000e+00   2.3000000e-01   2.3000000e-01   0.0000000e+00
   7.5832409e+04   4.1808838e+04   0.0000000e+00   3.7080907e+00   1.9760147e+00   0.0000000e+00   4.8000000e-01   5.4000000e-01   0.0000000e+00
   1.8635503e+05   1.5124521e+05   0.0000000e+00   5.6677304e+00  -6.7768359e-01  -0.0000000e+00   1.2600000e+00   1.5000000e+00   0.0000000e+00
   1.0613943e+05  -1.4640891e+05  -0.0000000e+00   2.8212121e+00   1.5367152e+00   0.0000000e+00   9.7000000e-01   1.0000000e+00   0.0000000e+00
   1.7344170e+04   3.4905945e+05   0.0000000e+00   3.6924612e+00   2.1801791e+00   0.0000000e+00   2.6000000e-01   2.6000000e-01   0.0000000e+00
   1.7314070e+04   3.4913729e+05   0.0000000e+00   3.6920342e+00   2.1807951e+00   0.0000000e+00   2.6000000e-01   2.6000000e-01   0.0000000e+00
  -6.1607759e+04   1.5804810e+05   0.0000000e+00   4.7247662e+00   4.0520610e+00   0.0000000e+00   1.2200000e+00   1.3900000e+00   0.0000000e+00
   3.6704886e+04   4.0640421e+05   0.0000000e+00   2.4445313e+00   5.8360344e-01   0.0000000e+00   7.9000000e-01   8.1000000e-01   0.0000000e+00
  -8.1347471e+04   1.6847490e+05   0.0000000e+00   1.0251514e+01   6.2486154e+00   0.0000000e+00   3.4000000e-01   4.0000000e-01   0.0000000e+00
   1.4691604e+05   2.5927374e+04   0.0000000e+00   3.0569635e+00   7.4646593e-02   0.0000000e+00   4.2000000e-01   4.6000000e-01   0.0000000e+00
   1.2959852e+05  -1.9714309e+04  -0.0000000e+00   3.3815244e+00   1.2401251e-01   0.0000000e+00   1.0800000e+00   1.1300000e+00   0.0000000e+00
  -1.7407102e+04  -3.4538526e+04  -0.0000000e+00   6.3283990e+00   4.0005351e+00   0.0000000e+00   6.7000000e-01   7.3000000e-01   0.0000000e+00
   5.2964237e+04   1.1405292e+05   0.0000000e+00   3.9523574e+00   1.0619331e+00   0.0000000e+00   3.4000000e-01   3.7000000e-01   0.0000000e+00
  -1.1012379e+04   7.8125502e+03   0.0000000e+00   6.7809707e+00   2.6118227e+00   0.0000000e+00   7.3000000e-01   7.9000000e-01   0.0000000e+00
   2.4360088e+04  -3.6323698e+05  -0.0000000e+00   2.7366915e+00   3.1659161e+00   0.0000000e+00   2.6000000e-01   2.6000000e-01   0.0000000e+00
   2.4117775e+04  -3.6314812e+05  -0.0000000e+00   2.7461526e+00   3.1744088e+00   0.0000000e+00   2.6000000e-01   2.6000000e-01   0.0000000e+00
   2.4142661e+04  -3.6310370e+05  -0.0000000e+00   2.7458250e+00   3.1745647e+00   0.0000000e+00   2.6000000e-01   2.6000000e-01   0.0000000e+00
   2.4142661e+04  -3.6310370e+05  -0.0000000e+00   2.7458250e+00   3.1745647e+00   0.0000000e+00   2.6000000e-01   2.6000000e-01   0.0000000e+00
   3.0113387e+04   2.1659827e+05   0.0000000e+00   5.8317061e+00   1.3880311e+00   0.0000000e+00   3.0000000e-01   3.0000000e-01   0.0000000e+00
  -3.2726114e+04  -1.6149677e+05  -0.0000000e+00  -3.3630744e+00   5.8245843e+00   0.0000000e+00   3.2000000e+00   3.8700000e+00   0.0000000e+00
  -9.2835597e+04   4.3368289e+05   0.0000000e+00   5.0502565e+00   3.9189891e+00   0.0000000e+00   3.6000000e-01   3.7000000e-01   0.0000000e+00
  -8.5707494e+03   2.2596992e+05   0.0000000e+00   5.6306726e+00   2.8943799e+00   0.0000000e+00   6.5000000e-01   7.2000000e-01   0.0000000e+00
  -8.5707494e+03   2.2596992e+05   0.0000000e+00   5.6306726e+00   2.8943799e+00   0.0000000e+00   6.5000000e-01   7.2000000e-01   0.0000000e+00
