  -1.2016694e+05   5.3908814e+05   0.0000000e+00  -8.2870000e+00   5.9980000e+00   0.0000000e+00   8.7000000e-01   8.7000000e-01   0.0000000e+00
  -1.2748147e+05   4.8920252e+05   0.0000000e+00  -1.0293000e+01   3.2770000e+00   0.0000000e+00   8.7000000e-01   8.7000000e-01   0.0000000e+00
  -2.2440885e+05   2.8858912e+05   0.0000000e+00  -8.4230000e+00   4.3680000e+00   0.0000000e+00   8.7000000e-01   8.7000000e-01   0.0000000e+00
  -2.6083723e+05   1.7520310e+05   0.0000000e+00  -1.0152000e+01   5.8280000e+00   0.0000000e+00   8.7000000e-01   8.7000000e-01   0.0000000e+00
  -9.0015912e+04   9.6477857e+04   0.0000000e+00  -1.5558000e+01   4.3150000e+00   0.0000000e+00   8.7000000e-01   8.7000000e-01   0.0000000e+00
  -1.3534727e+05  -3.5190247e+04  -0.0000000e+00  -3.1637000e+01   1.1455000e+01   0.0000000e+00   8.7000000e-01   8.7000000e-01   0.0000000e+00
  -2.7675352e+05  -4.5069811e+04  -0.0000000e+00  -1.2528000e+01   7.0770000e+00   0.0000000e+00   8.7000000e-01   8.7000000e-01   0.0000000e+00
  -2.4416028e+05  -2.0800522e+05  -0.0000000e+00  -2.0559000e+01   3.8650000e+00   0.0000000e+00   8.7000000e-01   8.7000000e-01   0.0000000e+00
  -9.9413769e+04   5.9953395e+05   0.0000000e+00  -2.4410000e+00   5.3340000e+00   0.0000000e+00   1.8800000e+00   3.1500000e+00   0.0000000e+00
  -4.1961697e+04   5.0975624e+05   0.0000000e+00  -1.7660000e+01   8.9410000e+00   0.0000000e+00   2.2500000e+00   2.9400000e+00   0.0000000e+00
   3.7525289e+04   4.4743054e+05   0.0000000e+00  -2.1807000e+01   1.3480000e+01   0.0000000e+00   2.4600000e+00   3.7300000e+00   0.0000000e+00
  -4.8926997e+04   4.4209815e+05   0.0000000e+00  -2.0488000e+01   8.6270000e+00   0.0000000e+00   1.9500000e+00   2.9500000e+00   0.0000000e+00
  -1.6057127e+05   4.6398346e+05   0.0000000e+00  -8.6100000e+00   3.6960000e+00   0.0000000e+00   1.9700000e+00   2.9700000e+00   0.0000000e+00
  -1.0382026e+05   4.4232033e+05   0.0000000e+00  -1.4950000e+01   4.5130000e+00   0.0000000e+00   2.5100000e+00   3.0000000e+00   0.0000000e+00
   2.7368720e+04   3.6889343e+05   0.0000000e+00  -2.8606000e+01   1.5672000e+01   0.0000000e+00   3.3400000e+00   3.1000000e+00   0.0000000e+00
  -5.2475536e+04   3.7278117e+05   0.0000000e+00  -1.8702000e+01   8.3450000e+00   0.0000000e+00   1.7500000e+00   2.6900000e+00   0.0000000e+00
  -1.7000953e+05   3.7466951e+05   0.0000000e+00  -1.0632000e+01   5.1800000e+00   0.0000000e+00   2.6200000e+00   3.9500000e+00   0.0000000e+00
   1.3046199e+04   3.3379374e+05   0.0000000e+00  -2.5510000e+01   1.1265000e+01   0.0000000e+00   2.0800000e+00   3.2300000e+00   0.0000000e+00
  -1.8763818e+05   3.1380112e+05   0.0000000e+00  -9.6880000e+00   5.1610000e+00   0.0000000e+00   1.8100000e+00   2.7600000e+00   0.0000000e+00
  -2.4789945e+05   2.7381779e+05   0.0000000e+00  -6.1790000e+00   5.2620000e+00   0.0000000e+00   2.0000000e+00   2.7600000e+00   0.0000000e+00
  -1.5010830e+05   2.5549295e+05   0.0000000e+00  -1.1076000e+01   5.3150000e+00   0.0000000e+00   2.1600000e+00   2.6800000e+00   0.0000000e+00
  -1.8354679e+05   2.0440832e+05   0.0000000e+00  -7.7680000e+00   5.1040000e+00   0.0000000e+00   1.9100000e+00   2.6400000e+00   0.0000000e+00
  -2.3086071e+05   1.9752332e+05   0.0000000e+00  -6.4370000e+00   5.4140000e+00   0.0000000e+00   1.7600000e+00   2.7600000e+00   0.0000000e+00
  -1.0351798e+05   1.2579049e+05   0.0000000e+00  -1.2715000e+01   4.6250000e+00   0.0000000e+00   2.0400000e+00   2.4800000e+00   0.0000000e+00
  -9.1349910e+04   6.3502768e+04   0.0000000e+00  -1.6444000e+01   6.6640000e+00   0.0000000e+00   2.0700000e+00   2.5100000e+00   0.0000000e+00
  -2.7620422e+05   1.0746993e+05   0.0000000e+00  -4.1440000e+00   8.4570000e+00   0.0000000e+00   1.8800000e+00   2.5400000e+00   0.0000000e+00
  -2.5499094e+05   4.4295844e+04   0.0000000e+00  -7.7740000e+00   9.0620000e+00   0.0000000e+00   1.7100000e+00   2.3000000e+00   0.0000000e+00
  -2.7759635e+05  -1.1656290e+04  -0.0000000e+00  -8.7120000e+00   8.8880000e+00   0.0000000e+00   1.6200000e+00   2.2100000e+00   0.0000000e+00
  -2.3368687e+05  -2.6753645e+04  -0.0000000e+00  -1.4252000e+01   1.0696000e+01   0.0000000e+00   2.6000000e+00   2.4900000e+00   0.0000000e+00
  -3.0101201e+05  -4.9288005e+04  -0.0000000e+00  -1.0906000e+01   7.9750000e+00   0.0000000e+00   1.6300000e+00   2.1500000e+00   0.0000000e+00
  -2.3095318e+05  -7.4263587e+04  -0.0000000e+00  -1.9662000e+01   8.8290000e+00   0.0000000e+00   1.7500000e+00   2.1700000e+00   0.0000000e+00
  -1.3648614e+05  -6.1165403e+04  -0.0000000e+00  -3.1631000e+01   1.2137000e+01   0.0000000e+00   2.1600000e+00   2.3000000e+00   0.0000000e+00
  -1.7944050e+05  -7.5817591e+04  -0.0000000e+00  -2.6750000e+01   1.0001000e+01   0.0000000e+00   1.9100000e+00   2.1900000e+00   0.0000000e+00
  -1.8476386e+05  -1.3309112e+05  -0.0000000e+00  -2.7555000e+01   9.6890000e+00   0.0000000e+00   2.1000000e+00   2.1700000e+00   0.0000000e+00
  -2.3762940e+05  -1.8181402e+05  -0.0000000e+00  -2.1238000e+01   5.7870000e+00   0.0000000e+00   2.3000000e+00   2.1400000e+00   0.0000000e+00
  -2.8389348e+05  -1.5051636e+05  -0.0000000e+00  -1.5406000e+01   6.5570000e+00   0.0000000e+00   1.8400000e+00   2.0600000e+00   0.0000000e+00
  -1.8695934e+05  -2.1188942e+05  -0.0000000e+00  -2.5070000e+01   1.0969000e+01   0.0000000e+00   2.1400000e+00   2.2600000e+00   0.0000000e+00
  -3.0639646e+05  -8.5363534e+04  -0.0000000e+00  -1.3587000e+01   6.6820000e+00   0.0000000e+00   1.6400000e+00   2.0000000e+00   0.0000000e+00
  -6.8217989e+04   5.5608793e+05   0.0000000e+00  -7.5890000e+00   5.5440000e+00   0.0000000e+00   1.9000000e+00   2.5300000e+00   0.0000000e+00
   7.5949566e+04   4.3254439e+05   0.0000000e+00  -2.3967000e+01   1.6941000e+01   0.0000000e+00   1.8700000e+00   2.6100000e+00   0.0000000e+00
   4.5751818e+04   4.7631512e+05   0.0000000e+00  -2.0236000e+01   1.1734000e+01   0.0000000e+00   1.9300000e+00   2.5600000e+00   0.0000000e+00
   2.4282595e+04   4.6998262e+05   0.0000000e+00  -1.9876000e+01   1.1861000e+01   0.0000000e+00   1.8600000e+00   2.5200000e+00   0.0000000e+00
  -1.3992246e+05   4.4098724e+05   0.0000000e+00  -1.0684000e+01   2.9790000e+00   0.0000000e+00   1.8100000e+00   2.5200000e+00   0.0000000e+00
  -1.7353556e+05   4.2843410e+05   0.0000000e+00  -1.0891000e+01   2.9580000e+00   0.0000000e+00   2.1500000e+00   3.1800000e+00   0.0000000e+00
  -9.3320900e+04   4.1410383e+05   0.0000000e+00  -1.5602000e+01   4.4190000e+00   0.0000000e+00   2.3600000e+00   2.8900000e+00   0.0000000e+00
  -5.7835600e+04   4.1388166e+05   0.0000000e+00  -1.8669000e+01   7.5020000e+00   0.0000000e+00   1.7200000e+00   2.4700000e+00   0.0000000e+00
   8.4656362e+03   4.1077126e+05   0.0000000e+00  -2.3036000e+01   1.5031000e+01   0.0000000e+00   1.8300000e+00   2.4200000e+00   0.0000000e+00
  -1.5828188e+05   4.0732762e+05   0.0000000e+00  -1.2631000e+01   1.4780000e+00   0.0000000e+00   2.4200000e+00   3.2500000e+00   0.0000000e+00
  -1.1497641e+05   4.0599460e+05   0.0000000e+00  -1.4139000e+01   3.7750000e+00   0.0000000e+00   1.7700000e+00   2.5000000e+00   0.0000000e+00
  -1.7881442e+05   4.0488375e+05   0.0000000e+00  -1.3139000e+01   2.2550000e+00   0.0000000e+00   1.7500000e+00   2.5400000e+00   0.0000000e+00
   3.7978795e+04   3.9444190e+05   0.0000000e+00  -2.6394000e+01   1.7139000e+01   0.0000000e+00   1.7600000e+00   2.5400000e+00   0.0000000e+00
  -1.3502311e+05   3.9421974e+05   0.0000000e+00  -1.3584000e+01   4.3830000e+00   0.0000000e+00   1.9200000e+00   2.7100000e+00   0.0000000e+00
  -3.5844366e+04   3.6067370e+05   0.0000000e+00  -1.7993000e+01   6.8850000e+00   0.0000000e+00   1.7900000e+00   2.4200000e+00   0.0000000e+00
  -5.3907296e+03   3.4767788e+05   0.0000000e+00  -2.2981000e+01   9.8230000e+00   0.0000000e+00   1.7800000e+00   2.4900000e+00   0.0000000e+00
  -2.0168736e+05   3.4412351e+05   0.0000000e+00  -1.0681000e+01   5.0300000e+00   0.0000000e+00   1.8500000e+00   2.5000000e+00   0.0000000e+00
  -1.8218907e+05   3.3790341e+05   0.0000000e+00  -8.6800000e+00   4.5340000e+00   0.0000000e+00   2.0300000e+00   2.7200000e+00   0.0000000e+00
  -1.5487955e+05   3.1468967e+05   0.0000000e+00  -1.5309000e+01   9.9120000e+00   0.0000000e+00   2.2100000e+00   2.8600000e+00   0.0000000e+00
  -1.7757264e+05   2.7259612e+05   0.0000000e+00  -9.5150000e+00   5.2970000e+00   0.0000000e+00   1.7500000e+00   2.3600000e+00   0.0000000e+00
  -1.9934504e+05   2.2684063e+05   0.0000000e+00  -7.6290000e+00   4.9840000e+00   0.0000000e+00   1.8600000e+00   2.3600000e+00   0.0000000e+00
  -1.3778354e+05   2.1851171e+05   0.0000000e+00  -1.2223000e+01   5.7740000e+00   0.0000000e+00   1.9800000e+00   2.3100000e+00   0.0000000e+00
  -1.5291755e+05   1.8042218e+05   0.0000000e+00  -9.8640000e+00   5.4250000e+00   0.0000000e+00   1.9200000e+00   2.2700000e+00   0.0000000e+00
  -2.0582780e+05   1.6920676e+05   0.0000000e+00  -7.5060000e+00   6.4510000e+00   0.0000000e+00   1.6700000e+00   2.3600000e+00   0.0000000e+00
  -1.2656585e+05   1.6820737e+05   0.0000000e+00  -1.2847000e+01   5.2710000e+00   0.0000000e+00   2.0400000e+00   2.2400000e+00   0.0000000e+00
  -1.6407777e+05   1.4333430e+05   0.0000000e+00  -8.2220000e+00   7.5280000e+00   0.0000000e+00   2.0200000e+00   2.4300000e+00   0.0000000e+00
  -1.0957524e+05   1.5599279e+05   0.0000000e+00  -1.3439000e+01   4.8010000e+00   0.0000000e+00   2.2400000e+00   2.2300000e+00   0.0000000e+00
  -1.4548928e+05   1.4333430e+05   0.0000000e+00  -1.0305000e+01   6.2490000e+00   0.0000000e+00   2.2200000e+00   2.2500000e+00   0.0000000e+00
  -1.3162927e+05   1.1646359e+05   0.0000000e+00  -1.2105000e+01   6.6580000e+00   0.0000000e+00   2.1300000e+00   2.3200000e+00   0.0000000e+00
  -1.5206086e+05   1.0891335e+05   0.0000000e+00  -1.2489000e+01   8.0360000e+00   0.0000000e+00   1.8500000e+00   2.3400000e+00   0.0000000e+00
  -1.5749710e+05   9.4479318e+04   0.0000000e+00  -1.3810000e+01   9.3220000e+00   0.0000000e+00   2.2700000e+00   2.3200000e+00   0.0000000e+00
  -1.0265918e+05   9.4257259e+04   0.0000000e+00  -1.5273000e+01   4.6570000e+00   0.0000000e+00   2.2600000e+00   2.2500000e+00   0.0000000e+00
  -1.7512493e+05   7.7825071e+04   0.0000000e+00  -1.1989000e+01   1.0312000e+01   0.0000000e+00   2.1700000e+00   2.5100000e+00   0.0000000e+00
  -1.5747184e+05   6.6278383e+04   0.0000000e+00  -1.5251000e+01   1.0823000e+01   0.0000000e+00   1.7900000e+00   2.0900000e+00   0.0000000e+00
  -9.0204255e+04   5.0846117e+04   0.0000000e+00  -1.8200000e+01   6.0850000e+00   0.0000000e+00   1.8600000e+00   2.1000000e+00   0.0000000e+00
  -1.6811034e+05   4.0299100e+04   0.0000000e+00  -1.5790000e+01   1.2147000e+01   0.0000000e+00   1.8300000e+00   2.0400000e+00   0.0000000e+00
  -1.2675867e+05   3.7523598e+04   0.0000000e+00  -1.9446000e+01   1.0352000e+01   0.0000000e+00   1.8100000e+00   2.0800000e+00   0.0000000e+00
  -1.0405721e+05   2.8198001e+04   0.0000000e+00  -2.0974000e+01   9.3160000e+00   0.0000000e+00   2.2300000e+00   2.3100000e+00   0.0000000e+00
  -1.0943258e+05   2.6643247e+03   0.0000000e+00  -2.5160000e+01   1.0703000e+01   0.0000000e+00   1.8000000e+00   2.0400000e+00   0.0000000e+00
  -1.2414611e+05  -1.0768199e+04  -0.0000000e+00  -2.6928000e+01   1.1074000e+01   0.0000000e+00   1.6800000e+00   2.0100000e+00   0.0000000e+00
  -1.7498697e+05  -2.0537130e+04  -0.0000000e+00  -2.1796000e+01   1.2553000e+01   0.0000000e+00   1.7800000e+00   1.8300000e+00   0.0000000e+00
  -1.9162228e+05  -2.7863731e+04  -0.0000000e+00  -2.1717000e+01   1.2183000e+01   0.0000000e+00   2.6500000e+00   2.0600000e+00   0.0000000e+00
  -1.6193320e+05  -5.1175083e+04  -0.0000000e+00  -2.7635000e+01   1.2192000e+01   0.0000000e+00   1.8900000e+00   1.7900000e+00   0.0000000e+00
  -2.0702467e+05  -8.8138490e+04  -0.0000000e+00  -2.3468000e+01   7.4340000e+00   0.0000000e+00   2.3800000e+00   1.8000000e+00   0.0000000e+00
  -1.8982735e+05  -1.0767385e+05  -0.0000000e+00  -2.6587000e+01   9.8660000e+00   0.0000000e+00   1.9100000e+00   1.6500000e+00   0.0000000e+00
  -2.2524770e+05  -1.1211362e+05  -0.0000000e+00  -2.0655000e+01   7.5840000e+00   0.0000000e+00   1.9600000e+00   1.7400000e+00   0.0000000e+00
  -2.0651934e+05   1.4710961e+05   0.0000000e+00  -7.9490000e+00   1.0861000e+01   0.0000000e+00   1.8300000e+00   2.4000000e+00   0.0000000e+00
  -2.3337462e+05   1.4111354e+05   0.0000000e+00  -7.9200000e+00   8.1840000e+00   0.0000000e+00   1.6100000e+00   2.1600000e+00   0.0000000e+00
  -1.8892957e+05   1.3489544e+05   0.0000000e+00  -7.6400000e+00   8.7620000e+00   0.0000000e+00   1.7600000e+00   2.2100000e+00   0.0000000e+00
  -2.5217782e+05   1.3722722e+05   0.0000000e+00  -8.0040000e+00   8.0220000e+00   0.0000000e+00   1.5900000e+00   2.2700000e+00   0.0000000e+00
  -2.2246469e+05   1.1180020e+05   0.0000000e+00  -7.9800000e+00   8.9610000e+00   0.0000000e+00   1.6700000e+00   2.1200000e+00   0.0000000e+00
  -2.4583073e+05   1.0391692e+05   0.0000000e+00  -6.4480000e+00   8.0970000e+00   0.0000000e+00   1.6200000e+00   2.1500000e+00   0.0000000e+00
  -2.0654220e+05   8.3154383e+04   0.0000000e+00  -8.5970000e+00   8.2910000e+00   0.0000000e+00   2.0800000e+00   2.5700000e+00   0.0000000e+00
  -2.3804532e+05   7.3050934e+04   0.0000000e+00  -5.5300000e+00   9.4330000e+00   0.0000000e+00   1.8200000e+00   2.1400000e+00   0.0000000e+00
  -2.2523392e+05   6.0949213e+04   0.0000000e+00  -9.6250000e+00   9.7700000e+00   0.0000000e+00   1.7100000e+00   2.2000000e+00   0.0000000e+00
  -2.1099285e+05   3.6302381e+04   0.0000000e+00  -7.7650000e+00   9.6610000e+00   0.0000000e+00   1.6800000e+00   2.4900000e+00   0.0000000e+00
  -2.6781249e+05   2.2869149e+04   0.0000000e+00  -5.7870000e+00   7.8340000e+00   0.0000000e+00   1.6800000e+00   1.8700000e+00   0.0000000e+00
  -2.4596593e+05   1.8206441e+04   0.0000000e+00  -1.0357000e+01   9.4490000e+00   0.0000000e+00   2.2400000e+00   2.3600000e+00   0.0000000e+00
  -2.0573975e+05   5.7727176e+03   0.0000000e+00  -1.4339000e+01   1.4214000e+01   0.0000000e+00   1.8100000e+00   3.5100000e+00   0.0000000e+00
  -2.6522563e+05  -2.6642636e+04  -0.0000000e+00  -1.2206000e+01   7.5170000e+00   0.0000000e+00   1.5600000e+00   1.9700000e+00   0.0000000e+00
  -2.8636919e+05  -9.4798338e+04  -0.0000000e+00  -1.4888000e+01   7.4540000e+00   0.0000000e+00   1.8000000e+00   1.7700000e+00   0.0000000e+00
  -2.5607206e+05  -1.1499945e+05  -0.0000000e+00  -1.7836000e+01   8.0340000e+00   0.0000000e+00   1.6100000e+00   1.6200000e+00   0.0000000e+00
  -2.5666402e+05  -8.9026474e+04  -0.0000000e+00  -1.8137000e+01   1.0883000e+01   0.0000000e+00   2.2200000e+00   1.9200000e+00   0.0000000e+00
  -2.2414694e+05  -1.4618784e+05  -0.0000000e+00  -2.3191000e+01   6.7760000e+00   0.0000000e+00   2.0600000e+00   1.8900000e+00   0.0000000e+00
  -1.9891241e+05  -1.5972824e+05  -0.0000000e+00  -2.5767000e+01   7.5610000e+00   0.0000000e+00   1.9100000e+00   1.7200000e+00   0.0000000e+00
  -2.5930125e+05  -1.5906232e+05  -0.0000000e+00  -1.8283000e+01   5.7630000e+00   0.0000000e+00   1.7500000e+00   1.6500000e+00   0.0000000e+00
  -1.7665170e+05  -1.6272485e+05  -0.0000000e+00  -2.7199000e+01   9.6040000e+00   0.0000000e+00   1.8200000e+00   1.5700000e+00   0.0000000e+00
  -3.0785886e+05  -1.6949491e+05  -0.0000000e+00  -1.2546000e+01   5.8530000e+00   0.0000000e+00   1.4400000e+00   1.3500000e+00   0.0000000e+00
  -2.0780077e+05  -1.8592033e+05  -0.0000000e+00  -2.4224000e+01   7.6360000e+00   0.0000000e+00   2.0100000e+00   1.6300000e+00   0.0000000e+00
  -3.2321385e+05  -1.8836192e+05  -0.0000000e+00  -1.0981000e+01   5.1640000e+00   0.0000000e+00   1.5500000e+00   1.3600000e+00   0.0000000e+00
  -3.1086497e+05  -1.9080349e+05  -0.0000000e+00  -1.2952000e+01   5.8410000e+00   0.0000000e+00   1.4800000e+00   1.3900000e+00   0.0000000e+00
  -1.7839172e+05  -1.9035957e+05  -0.0000000e+00  -2.6120000e+01   8.4540000e+00   0.0000000e+00   2.0400000e+00   1.8100000e+00   0.0000000e+00
  -2.7831730e+05  -1.9302309e+05  -0.0000000e+00  -1.5995000e+01   4.5910000e+00   0.0000000e+00   1.6600000e+00   1.5000000e+00   0.0000000e+00
  -2.1736090e+05  -2.1211137e+05  -0.0000000e+00  -2.2672000e+01   8.0710000e+00   0.0000000e+00   1.8100000e+00   1.7900000e+00   0.0000000e+00
  -3.2789242e+05  -5.9389358e+04  -0.0000000e+00  -5.6640000e+00   5.3170000e+00   0.0000000e+00   1.6700000e+00   1.8800000e+00   0.0000000e+00
  -3.1149337e+05  -1.4585488e+05  -0.0000000e+00  -1.2088000e+01   6.4700000e+00   0.0000000e+00   1.4900000e+00   1.4300000e+00   0.0000000e+00
  -3.4864203e+05  -1.4851859e+05  -0.0000000e+00  -8.7760000e+00   5.5560000e+00   0.0000000e+00   1.2600000e+00   1.3100000e+00   0.0000000e+00
  -3.5495280e+05  -1.7004983e+05  -0.0000000e+00  -9.1430000e+00   6.8130000e+00   0.0000000e+00   1.4000000e+00   1.2700000e+00   0.0000000e+00
  -3.4004874e+04   5.4508801e+05   0.0000000e+00  -7.4920000e+00   6.6050000e+00   0.0000000e+00   1.8100000e+00   2.7600000e+00   0.0000000e+00
  -4.7676249e+04   5.2631082e+05   0.0000000e+00  -1.0960000e+01   6.6970000e+00   0.0000000e+00   1.8400000e+00   2.4200000e+00   0.0000000e+00
  -9.0983855e+04   5.2653303e+05   0.0000000e+00  -7.8820000e+00   5.2890000e+00   0.0000000e+00   1.8700000e+00   2.7700000e+00   0.0000000e+00
  -7.8341942e+03   5.2986622e+05   0.0000000e+00  -1.2542000e+01   7.8910000e+00   0.0000000e+00   2.2000000e+00   3.0300000e+00   0.0000000e+00
  -4.9214468e+04   4.8153671e+05   0.0000000e+00  -1.5670000e+01   7.6070000e+00   0.0000000e+00   2.2100000e+00   2.8000000e+00   0.0000000e+00
  -9.0341048e+04   4.7176016e+05   0.0000000e+00  -1.5225000e+01   4.7700000e+00   0.0000000e+00   1.7100000e+00   2.3500000e+00   0.0000000e+00
  -1.5498878e+04   4.6265033e+05   0.0000000e+00  -1.9252000e+01   8.8770000e+00   0.0000000e+00   2.3700000e+00   2.6300000e+00   0.0000000e+00
  -1.1926124e+05   4.5287407e+05   0.0000000e+00  -1.1688000e+01   3.4320000e+00   0.0000000e+00   1.7100000e+00   2.4000000e+00   0.0000000e+00
   1.4000441e+04   4.3743234e+05   0.0000000e+00  -2.2207000e+01   1.6074000e+01   0.0000000e+00   1.7500000e+00   2.5000000e+00   0.0000000e+00
  -1.1660458e+05   4.3132241e+05   0.0000000e+00  -1.2098000e+01   4.1040000e+00   0.0000000e+00   1.7700000e+00   2.3400000e+00   0.0000000e+00
  -1.3076666e+05   4.1899164e+05   0.0000000e+00  -8.6580000e+00   3.9150000e+00   0.0000000e+00   1.9800000e+00   2.8600000e+00   0.0000000e+00
  -1.7305154e+05   3.9521948e+05   0.0000000e+00  -9.2810000e+00   4.0080000e+00   0.0000000e+00   1.9300000e+00   2.7400000e+00   0.0000000e+00
  -1.8386255e+05   3.9433082e+05   0.0000000e+00  -1.1310000e+01   4.0210000e+00   0.0000000e+00   1.9400000e+00   2.8400000e+00   0.0000000e+00
  -1.7518245e+05   3.8577752e+05   0.0000000e+00  -9.4690000e+00   2.8770000e+00   0.0000000e+00   2.0600000e+00   3.1600000e+00   0.0000000e+00
  -1.9348599e+05   3.4678928e+05   0.0000000e+00  -1.1784000e+01   6.2260000e+00   0.0000000e+00   1.7800000e+00   2.4900000e+00   0.0000000e+00
  -1.8993984e+05   3.3057266e+05   0.0000000e+00  -9.2050000e+00   4.0680000e+00   0.0000000e+00   1.8800000e+00   2.5000000e+00   0.0000000e+00
   2.6209239e+04   3.4712250e+05   0.0000000e+00  -2.9112000e+01   1.3592000e+01   0.0000000e+00   2.5000000e+00   2.4600000e+00   0.0000000e+00
  -1.3016359e+05   2.6704309e+05   0.0000000e+00  -1.3511000e+01   6.5580000e+00   0.0000000e+00   1.9900000e+00   2.4100000e+00   0.0000000e+00
  -2.1111432e+05   2.4261035e+05   0.0000000e+00  -7.1150000e+00   6.8360000e+00   0.0000000e+00   2.2300000e+00   2.7000000e+00   0.0000000e+00
  -1.8337780e+05   2.3827919e+05   0.0000000e+00  -7.9990000e+00   5.0440000e+00   0.0000000e+00   2.0400000e+00   2.6900000e+00   0.0000000e+00
  -1.7980043e+05   2.1240390e+05   0.0000000e+00  -9.3170000e+00   4.2260000e+00   0.0000000e+00   1.8200000e+00   2.2600000e+00   0.0000000e+00
  -1.5795689e+05   2.0674036e+05   0.0000000e+00  -1.0527000e+01   6.9710000e+00   0.0000000e+00   1.9300000e+00   2.1800000e+00   0.0000000e+00
  -2.0433903e+05   1.8941688e+05   0.0000000e+00  -7.6810000e+00   5.4210000e+00   0.0000000e+00   1.7400000e+00   2.3200000e+00   0.0000000e+00
  -1.3770963e+05   1.8608550e+05   0.0000000e+00  -1.2493000e+01   5.2240000e+00   0.0000000e+00   1.7300000e+00   2.2000000e+00   0.0000000e+00
  -2.1392070e+05   1.8031114e+05   0.0000000e+00  -6.0360000e+00   4.3160000e+00   0.0000000e+00   1.8600000e+00   2.6500000e+00   0.0000000e+00
  -1.8637814e+05   1.8253204e+05   0.0000000e+00  -6.6940000e+00   5.9130000e+00   0.0000000e+00   1.8900000e+00   2.6600000e+00   0.0000000e+00
  -2.1528786e+05   2.1207075e+05   0.0000000e+00  -6.9990000e+00   5.1840000e+00   0.0000000e+00   1.6600000e+00   2.2600000e+00   0.0000000e+00
  -1.6574750e+05   1.0580446e+05   0.0000000e+00  -4.8610000e+00   1.2987000e+01   0.0000000e+00   2.8000000e+00   3.3200000e+00   0.0000000e+00
  -1.9285812e+05   3.8966857e+04   0.0000000e+00  -1.4470000e+01   1.1892000e+01   0.0000000e+00   1.9500000e+00   2.2100000e+00   0.0000000e+00
  -1.5007499e+05  -1.1101233e+04  -0.0000000e+00  -2.6929000e+01   1.1769000e+01   0.0000000e+00   2.7200000e+00   2.4300000e+00   0.0000000e+00
  -1.2355468e+05   1.5875099e+04   0.0000000e+00  -2.2046000e+01   1.0454000e+01   0.0000000e+00   2.6200000e+00   2.5900000e+00   0.0000000e+00
  -1.8814163e+05  -5.0398052e+04  -0.0000000e+00  -2.2866000e+01   1.0326000e+01   0.0000000e+00   2.7300000e+00   2.3300000e+00   0.0000000e+00
  -1.5649624e+05  -6.3829462e+04  -0.0000000e+00  -2.8816000e+01   1.1175000e+01   0.0000000e+00   2.5800000e+00   2.1900000e+00   0.0000000e+00
  -1.3150071e+05  -7.7593591e+04  -0.0000000e+00  -3.2331000e+01   1.1681000e+01   0.0000000e+00   2.5700000e+00   2.2500000e+00   0.0000000e+00
  -2.7025496e+05   9.8920525e+04   0.0000000e+00  -3.5060000e+00   7.7300000e+00   0.0000000e+00   2.6900000e+00   2.8300000e+00   0.0000000e+00
  -2.5368955e+05   9.1703580e+04   0.0000000e+00  -6.7190000e+00   9.0120000e+00   0.0000000e+00   2.6100000e+00   3.1300000e+00   0.0000000e+00
  -1.9498458e+05   7.8047125e+04   0.0000000e+00  -7.4660000e+00   6.3100000e+00   0.0000000e+00   3.1200000e+00   2.9500000e+00   0.0000000e+00
  -2.1596636e+05   2.2092029e+04   0.0000000e+00  -1.1624000e+01   1.1347000e+01   0.0000000e+00   2.5800000e+00   2.5500000e+00   0.0000000e+00
  -2.6688173e+05   1.7762153e+03   0.0000000e+00  -8.7480000e+00   8.1450000e+00   0.0000000e+00   2.4500000e+00   2.3100000e+00   0.0000000e+00
  -2.3051398e+05  -5.5837252e+04  -0.0000000e+00  -2.4049000e+01   4.6200000e+00   0.0000000e+00   2.6800000e+00   2.4400000e+00   0.0000000e+00
  -2.3987974e+05  -9.4576344e+04  -0.0000000e+00  -1.7602000e+01   9.1750000e+00   0.0000000e+00   2.0300000e+00   2.0700000e+00   0.0000000e+00
  -1.8136680e+05  -1.3120428e+05  -0.0000000e+00  -2.6624000e+01   9.1210000e+00   0.0000000e+00   2.0200000e+00   2.0400000e+00   0.0000000e+00
  -2.4736056e+05  -1.5362400e+05  -0.0000000e+00  -1.9446000e+01   6.0310000e+00   0.0000000e+00   2.9200000e+00   2.4900000e+00   0.0000000e+00
  -2.3256403e+05  -1.5306906e+05  -0.0000000e+00  -2.2045000e+01   5.8210000e+00   0.0000000e+00   4.2700000e+00   2.3500000e+00   0.0000000e+00
  -2.5420160e+05  -1.7482212e+05  -0.0000000e+00  -1.9414000e+01   6.3670000e+00   0.0000000e+00   2.4800000e+00   2.1500000e+00   0.0000000e+00
  -1.9251624e+05  -1.8592033e+05  -0.0000000e+00  -2.4673000e+01   8.7050000e+00   0.0000000e+00   2.3100000e+00   2.0200000e+00   0.0000000e+00
  -3.0431257e+05  -2.1122356e+05  -0.0000000e+00  -1.3408000e+01   6.8250000e+00   0.0000000e+00   2.1200000e+00   2.4000000e+00   0.0000000e+00
  -3.1134989e+05  -1.0478798e+05  -0.0000000e+00  -1.2594000e+01   7.2090000e+00   0.0000000e+00   2.1600000e+00   2.0100000e+00   0.0000000e+00
  -3.5369615e+05  -1.8647524e+05  -0.0000000e+00  -1.0175000e+01   5.9630000e+00   0.0000000e+00   1.5300000e+00   1.7000000e+00   0.0000000e+00
  -3.4689685e+05  -1.3852962e+05  -0.0000000e+00  -8.4690000e+00   5.3870000e+00   0.0000000e+00   1.2500000e+00   1.3900000e+00   0.0000000e+00
  -2.5319892e+05  -2.2731500e+05  -0.0000000e+00  -1.9345000e+01   5.9390000e+00   0.0000000e+00   1.7200000e+00   1.9300000e+00   0.0000000e+00
  -2.8514632e+05  -2.2420772e+05  -0.0000000e+00  -1.6278000e+01   6.2890000e+00   0.0000000e+00   2.2100000e+00   2.3400000e+00   0.0000000e+00
  -9.5979721e+04   6.2642532e+05   0.0000000e+00  -1.5360000e+00   3.8560000e+00   0.0000000e+00   1.6700000e+00   2.5000000e+00   0.0000000e+00
  -1.0713613e+05   5.7186593e+05   0.0000000e+00  -3.8120000e+00   4.9390000e+00   0.0000000e+00   1.6800000e+00   2.4200000e+00   0.0000000e+00
  -1.3187884e+05   5.1353376e+05   0.0000000e+00  -6.0480000e+00   3.6130000e+00   0.0000000e+00   1.7200000e+00   2.3800000e+00   0.0000000e+00
  -4.3115288e+03   4.8131451e+05   0.0000000e+00  -1.7696000e+01   9.9040000e+00   0.0000000e+00   1.9000000e+00   2.2900000e+00   0.0000000e+00
  -2.8995058e+04   4.9220221e+05   0.0000000e+00  -1.4983000e+01   8.2090000e+00   0.0000000e+00   2.3900000e+00   2.3800000e+00   0.0000000e+00
   7.3654158e+04   4.5554031e+05   0.0000000e+00  -2.2715000e+01   1.6770000e+01   0.0000000e+00   1.9500000e+00   2.4600000e+00   0.0000000e+00
  -1.0630709e+04   4.4576416e+05   0.0000000e+00  -1.9113000e+01   1.1961000e+01   0.0000000e+00   2.5600000e+00   2.4000000e+00   0.0000000e+00
  -7.4919265e+04   4.3687689e+05   0.0000000e+00  -1.5451000e+01   6.8600000e+00   0.0000000e+00   1.7600000e+00   2.2600000e+00   0.0000000e+00
  -1.5841083e+05   3.7989025e+05   0.0000000e+00  -1.3522000e+01   8.3880000e+00   0.0000000e+00   3.1600000e+00   3.1800000e+00   0.0000000e+00
   1.2535508e+04   3.8711050e+05   0.0000000e+00  -2.5676000e+01   1.2434000e+01   0.0000000e+00   2.2100000e+00   2.4300000e+00   0.0000000e+00
  -2.1866963e+05   3.2590769e+05   0.0000000e+00  -1.0260000e+01   4.6200000e+00   0.0000000e+00   1.9000000e+00   2.2300000e+00   0.0000000e+00
  -1.3278475e+05   9.4257259e+04   0.0000000e+00  -1.5239000e+01   7.2170000e+00   0.0000000e+00   1.7200000e+00   1.9300000e+00   0.0000000e+00
  -1.7448280e+05   1.4098845e+04   0.0000000e+00  -1.2978000e+01   1.0543000e+01   0.0000000e+00   3.2000000e+00   2.4200000e+00   0.0000000e+00
  -2.0738613e+05  -1.1277958e+05  -0.0000000e+00  -2.3710000e+01   7.0860000e+00   0.0000000e+00   2.4800000e+00   1.9100000e+00   0.0000000e+00
  -1.8631946e+05   1.1601946e+05   0.0000000e+00  -7.7810000e+00   1.2714000e+01   0.0000000e+00   2.3300000e+00   2.5300000e+00   0.0000000e+00
  -2.5434724e+05  -6.2830441e+04  -0.0000000e+00  -1.4605000e+01   7.4140000e+00   0.0000000e+00   2.6500000e+00   2.0500000e+00   0.0000000e+00
  -1.9258081e+05  -2.1999067e+05  -0.0000000e+00  -2.5541000e+01   7.2750000e+00   0.0000000e+00   2.1000000e+00   2.1000000e+00   0.0000000e+00
  -3.2095824e+05  -2.1788213e+05  -0.0000000e+00  -1.2418000e+01   6.0950000e+00   0.0000000e+00   2.8800000e+00   2.0300000e+00   0.0000000e+00
  -2.4564532e+05  -7.8925588e+04  -0.0000000e+00  -1.6382000e+01   8.1900000e+00   0.0000000e+00   1.6100000e+00   1.4700000e+00   0.0000000e+00
  -2.4204600e+05  -2.4651325e+05  -0.0000000e+00  -1.6946000e+01   7.6590000e+00   0.0000000e+00   7.4000000e-01   4.5000000e-01   0.0000000e+00
  -2.3132617e+05  -2.3730260e+05  -0.0000000e+00  -1.7208000e+01   7.3760000e+00   0.0000000e+00   8.3000000e-01   4.4000000e-01   0.0000000e+00
  -2.0100214e+05  -2.4418285e+05  -0.0000000e+00  -1.6827000e+01   8.0060000e+00   0.0000000e+00   9.6000000e-01   5.0000000e-01   0.0000000e+00
  -2.6478625e+05  -2.3819038e+05  -0.0000000e+00  -1.7658000e+01   8.2030000e+00   0.0000000e+00   7.2000000e-01   4.8000000e-01   0.0000000e+00
  -2.2407287e+05  -2.5050818e+05  -0.0000000e+00  -1.7042000e+01   7.3810000e+00   0.0000000e+00   8.4000000e-01   4.3000000e-01   0.0000000e+00
  -2.8160890e+05  -2.4684616e+05  -0.0000000e+00  -1.7706000e+01   7.5420000e+00   0.0000000e+00   6.7000000e-01   4.6000000e-01   0.0000000e+00
  -2.5468189e+05  -2.5616764e+05  -0.0000000e+00  -1.7111000e+01   7.8910000e+00   0.0000000e+00   6.9000000e-01   4.1000000e-01   0.0000000e+00
  -2.4271575e+05  -2.6071736e+05  -0.0000000e+00  -1.6780000e+01   7.0090000e+00   0.0000000e+00   7.8000000e-01   7.7000000e-01   0.0000000e+00
  -2.1442586e+05  -2.7303474e+05  -0.0000000e+00  -1.6339000e+01   5.4670000e+00   0.0000000e+00   7.8000000e-01   5.3000000e-01   0.0000000e+00
  -2.5328948e+05  -2.7281281e+05  -0.0000000e+00  -1.6681000e+01   7.3220000e+00   0.0000000e+00   6.3000000e-01   4.2000000e-01   0.0000000e+00
  -2.7606503e+05  -2.6648769e+05  -0.0000000e+00  -1.6930000e+01   8.0270000e+00   0.0000000e+00   6.1000000e-01   4.3000000e-01   0.0000000e+00
  -3.0306694e+05  -2.5905283e+05  -0.0000000e+00  -1.6550000e+01   8.1700000e+00   0.0000000e+00   6.3000000e-01   4.9000000e-01   0.0000000e+00
  -3.1479570e+05  -2.6371350e+05  -0.0000000e+00  -1.6116000e+01   7.3900000e+00   0.0000000e+00   5.7000000e-01   5.2000000e-01   0.0000000e+00
  -2.9447628e+05  -2.8834792e+05  -0.0000000e+00  -1.6785000e+01   7.4760000e+00   0.0000000e+00   5.2000000e-01   4.2000000e-01   0.0000000e+00
  -2.6295050e+05  -2.9245356e+05  -0.0000000e+00  -1.6218000e+01   7.8860000e+00   0.0000000e+00   5.8000000e-01   4.1000000e-01   0.0000000e+00
  -2.2720416e+05  -2.9478378e+05  -0.0000000e+00  -1.5833000e+01   7.1990000e+00   0.0000000e+00   6.8000000e-01   3.8000000e-01   0.0000000e+00
  -2.3490711e+05  -2.8013655e+05  -0.0000000e+00  -1.6403000e+01   7.5140000e+00   0.0000000e+00   6.4000000e-01   3.8000000e-01   0.0000000e+00
  -2.7836945e+05  -2.8235585e+05  -0.0000000e+00  -1.6770000e+01   7.8260000e+00   0.0000000e+00   5.4000000e-01   3.8000000e-01   0.0000000e+00
  -2.9154021e+05  -2.7325667e+05  -0.0000000e+00  -1.6581000e+01   7.9260000e+00   0.0000000e+00   5.6000000e-01   4.0000000e-01   0.0000000e+00
  -3.5371606e+05  -1.2254696e+05  -0.0000000e+00  -6.5350000e+00   4.4890000e+00   0.0000000e+00   2.8810000e+00   3.3340000e+00   0.0000000e+00
  -3.9289777e+05  -1.7781866e+05  -0.0000000e+00  -4.7360000e+00   5.2600000e+00   0.0000000e+00   2.6480000e+00   3.3100000e+00   0.0000000e+00
  -3.3791228e+05  -2.4751198e+05  -0.0000000e+00  -1.6054000e+01   4.9380000e+00   0.0000000e+00   2.8270000e+00   2.5840000e+00   0.0000000e+00
  -3.9339046e+05  -7.5595591e+04  -0.0000000e+00  -9.9000000e-02   4.6560000e+00   0.0000000e+00   2.9820000e+00   3.5570000e+00   0.0000000e+00
  -3.7318937e+05  -1.4785266e+05  -0.0000000e+00  -4.2880000e+00   5.7450000e+00   0.0000000e+00   2.5250000e+00   3.0350000e+00   0.0000000e+00
  -3.7416725e+05  -1.8747407e+05  -0.0000000e+00  -8.3360000e+00   6.7770000e+00   0.0000000e+00   3.2310000e+00   3.0530000e+00   0.0000000e+00
  -3.6206875e+05  -2.0356611e+05  -0.0000000e+00  -1.1599000e+01   6.3200000e+00   0.0000000e+00   2.7490000e+00   2.7400000e+00   0.0000000e+00
  -3.9143635e+05  -2.1322114e+05  -0.0000000e+00  -9.4890000e+00   5.9850000e+00   0.0000000e+00   2.4100000e+00   2.6430000e+00   0.0000000e+00
  -3.8040088e+05  -1.6250288e+05  -0.0000000e+00  -6.2800000e-01   6.2830000e+00   0.0000000e+00   2.9970000e+00   3.1870000e+00   0.0000000e+00
  -3.9830119e+05  -1.8325678e+05  -0.0000000e+00  -3.1970000e+00   6.2550000e+00   0.0000000e+00   2.9990000e+00   3.3620000e+00   0.0000000e+00
  -3.9541278e+05  -2.6460124e+05  -0.0000000e+00  -1.8596000e+01   6.1320000e+00   0.0000000e+00   3.0070000e+00   2.6610000e+00   0.0000000e+00
  -3.5399592e+05  -2.7314571e+05  -0.0000000e+00  -1.5721000e+01   6.6870000e+00   0.0000000e+00   2.6260000e+00   2.4240000e+00   0.0000000e+00
  -2.9906410e+05   2.0648807e+04   0.0000000e+00  -3.8150000e+00   5.0860000e+00   0.0000000e+00   4.3900000e-01   4.2800000e-01   0.0000000e+00
  -1.7458530e+05   4.6753851e+05   0.0000000e+00  -2.1180000e+00   2.6840000e+00   0.0000000e+00   1.2090000e+00   1.2090000e+00   0.0000000e+00
  -1.8094214e+05   2.1062710e+05   0.0000000e+00  -1.2096000e+01   8.1830000e+00   0.0000000e+00   1.3600000e+00   1.1280000e+00   0.0000000e+00
  -2.8256221e+05   1.0458311e+05   0.0000000e+00  -5.0600000e+00   5.8770000e+00   0.0000000e+00   4.1000000e-01   4.1000000e-01   0.0000000e+00
  -3.0185640e+05  -4.8510971e+04  -0.0000000e+00  -8.5350000e+00   6.5600000e+00   0.0000000e+00   6.2700000e-01   5.1700000e-01   0.0000000e+00
  -1.7992275e+05  -1.2976140e+05  -0.0000000e+00  -2.8223000e+01   7.9070000e+00   0.0000000e+00   1.3660000e+00   9.4700000e-01   0.0000000e+00
  -3.9888024e+05  -1.8236893e+05  -0.0000000e+00  -6.4710000e+00   3.7770000e+00   0.0000000e+00   2.1840000e+00   2.3930000e+00   0.0000000e+00
  -1.8968362e+05   3.0891413e+05   0.0000000e+00  -6.9710000e+00   6.5360000e+00   0.0000000e+00   1.1710000e+00   1.2890000e+00   0.0000000e+00
  -1.0830968e+05   2.2202698e+03   0.0000000e+00  -2.7945000e+01   8.4060000e+00   0.0000000e+00   1.0630000e+00   7.7100000e-01   0.0000000e+00
  -1.8822672e+05  -6.5272490e+04  -0.0000000e+00  -1.7773000e+01   4.0560000e+00   0.0000000e+00   1.3720000e+00   8.1000000e-01   0.0000000e+00
  -3.2166619e+05  -1.1888421e+05  -0.0000000e+00  -8.2170000e+00   5.5450000e+00   0.0000000e+00   9.4200000e-01   7.5100000e-01   0.0000000e+00
  -3.7207776e+05  -2.2276505e+05  -0.0000000e+00  -1.0762000e+01   7.2930000e+00   0.0000000e+00   8.1000000e-01   6.6500000e-01   0.0000000e+00
  -1.1414661e+05   6.6167358e+04   0.0000000e+00  -2.1906000e+01   8.3400000e+00   0.0000000e+00   1.3590000e+00   8.6700000e-01   0.0000000e+00
   4.0613693e+04   4.2276861e+05   0.0000000e+00  -1.9261000e+01   1.0934000e+01   0.0000000e+00   8.3700000e-01   9.7900000e-01   0.0000000e+00
  -3.3313300e+05  -1.3009438e+05  -0.0000000e+00  -7.1660000e+00   5.4900000e+00   0.0000000e+00   1.0170000e+00   7.5300000e-01   0.0000000e+00
  -9.0266843e+04   5.9064449e+05   0.0000000e+00  -2.7970000e+00   2.6790000e+00   0.0000000e+00   1.4450000e+00   1.6130000e+00   0.0000000e+00
  -2.0734478e+05   5.6397249e+04   0.0000000e+00  -1.1598000e+01   7.5310000e+00   0.0000000e+00   1.1070000e+00   9.4700000e-01   0.0000000e+00
  -2.4492425e+05  -6.8827875e+03  -0.0000000e+00  -1.0239000e+01   5.1350000e+00   0.0000000e+00   1.2410000e+00   7.8400000e-01   0.0000000e+00
  -1.6189181e+05   1.4986971e+04   0.0000000e+00  -2.6287000e+01   8.8420000e+00   0.0000000e+00   1.5850000e+00   1.1770000e+00   0.0000000e+00
  -1.5578879e+05   1.2322595e+04   0.0000000e+00  -2.2649000e+01   8.9490000e+00   0.0000000e+00   7.4500000e-01   7.1200000e-01   0.0000000e+00
  -9.3655121e+04   5.0297900e+05   0.0000000e+00  -1.1533000e+01   6.1840000e+00   0.0000000e+00   7.5600000e-01   1.1050000e+00   0.0000000e+00
